# Simulation = SIMBA
# Columns: model_index halo_mass_index halo_mass_bin_value x=R/R200c y=f_b(<R)/f_b,cosmic
0 0 8.00000000e+00 1.00000000e+01 nan
0 0 8.00000000e+00 9.90000000e+00 nan
0 0 8.00000000e+00 9.80000000e+00 nan
0 0 8.00000000e+00 9.70000000e+00 nan
0 0 8.00000000e+00 9.60000000e+00 nan
0 0 8.00000000e+00 9.50000000e+00 nan
0 0 8.00000000e+00 9.40000000e+00 nan
0 0 8.00000000e+00 9.30000000e+00 nan
0 0 8.00000000e+00 9.20000000e+00 nan
0 0 8.00000000e+00 9.10000000e+00 nan
0 0 8.00000000e+00 9.00000000e+00 nan
0 0 8.00000000e+00 8.90000000e+00 nan
0 0 8.00000000e+00 8.80000000e+00 nan
0 0 8.00000000e+00 8.70000000e+00 nan
0 0 8.00000000e+00 8.60000000e+00 nan
0 0 8.00000000e+00 8.50000000e+00 nan
0 0 8.00000000e+00 8.40000000e+00 nan
0 0 8.00000000e+00 8.30000000e+00 nan
0 0 8.00000000e+00 8.20000000e+00 nan
0 0 8.00000000e+00 8.10000000e+00 nan
0 0 8.00000000e+00 8.00000000e+00 nan
0 0 8.00000000e+00 7.90000000e+00 nan
0 0 8.00000000e+00 7.80000000e+00 nan
0 0 8.00000000e+00 7.70000000e+00 nan
0 0 8.00000000e+00 7.60000000e+00 nan
0 0 8.00000000e+00 7.50000000e+00 nan
0 0 8.00000000e+00 7.40000000e+00 nan
0 0 8.00000000e+00 7.30000000e+00 nan
0 0 8.00000000e+00 7.20000000e+00 nan
0 0 8.00000000e+00 7.10000000e+00 nan
0 0 8.00000000e+00 7.00000000e+00 nan
0 0 8.00000000e+00 6.90000000e+00 nan
0 0 8.00000000e+00 6.80000000e+00 nan
0 0 8.00000000e+00 6.70000000e+00 nan
0 0 8.00000000e+00 6.60000000e+00 nan
0 0 8.00000000e+00 6.50000000e+00 nan
0 0 8.00000000e+00 6.40000000e+00 nan
0 0 8.00000000e+00 6.30000000e+00 nan
0 0 8.00000000e+00 6.20000000e+00 nan
0 0 8.00000000e+00 6.10000000e+00 nan
0 0 8.00000000e+00 6.00000000e+00 nan
0 0 8.00000000e+00 5.90000000e+00 nan
0 0 8.00000000e+00 5.80000000e+00 nan
0 0 8.00000000e+00 5.70000000e+00 nan
0 0 8.00000000e+00 5.60000000e+00 nan
0 0 8.00000000e+00 5.50000000e+00 nan
0 0 8.00000000e+00 5.40000000e+00 nan
0 0 8.00000000e+00 5.30000000e+00 nan
0 0 8.00000000e+00 5.20000000e+00 nan
0 0 8.00000000e+00 5.10000000e+00 nan
0 0 8.00000000e+00 5.00000000e+00 nan
0 0 8.00000000e+00 4.90000000e+00 nan
0 0 8.00000000e+00 4.80000000e+00 nan
0 0 8.00000000e+00 4.70000000e+00 nan
0 0 8.00000000e+00 4.60000000e+00 nan
0 0 8.00000000e+00 4.50000000e+00 nan
0 0 8.00000000e+00 4.40000000e+00 nan
0 0 8.00000000e+00 4.30000000e+00 nan
0 0 8.00000000e+00 4.20000000e+00 nan
0 0 8.00000000e+00 4.10000000e+00 nan
0 0 8.00000000e+00 4.00000000e+00 nan
0 0 8.00000000e+00 3.90000000e+00 nan
0 0 8.00000000e+00 3.80000000e+00 nan
0 0 8.00000000e+00 3.70000000e+00 nan
0 0 8.00000000e+00 3.60000000e+00 nan
0 0 8.00000000e+00 3.50000000e+00 nan
0 0 8.00000000e+00 3.40000000e+00 nan
0 0 8.00000000e+00 3.30000000e+00 nan
0 0 8.00000000e+00 3.20000000e+00 nan
0 0 8.00000000e+00 3.10000000e+00 nan
0 0 8.00000000e+00 3.00000000e+00 nan
0 0 8.00000000e+00 2.90000000e+00 nan
0 0 8.00000000e+00 2.80000000e+00 nan
0 0 8.00000000e+00 2.70000000e+00 nan
0 0 8.00000000e+00 2.60000000e+00 nan
0 0 8.00000000e+00 2.50000000e+00 nan
0 0 8.00000000e+00 2.40000000e+00 nan
0 0 8.00000000e+00 2.30000000e+00 nan
0 0 8.00000000e+00 2.20000000e+00 nan
0 0 8.00000000e+00 2.10000000e+00 nan
0 0 8.00000000e+00 2.00000000e+00 nan
0 0 8.00000000e+00 1.90000000e+00 nan
0 0 8.00000000e+00 1.80000000e+00 nan
0 0 8.00000000e+00 1.70000000e+00 nan
0 0 8.00000000e+00 1.60000000e+00 nan
0 0 8.00000000e+00 1.50000000e+00 nan
0 0 8.00000000e+00 1.40000000e+00 nan
0 0 8.00000000e+00 1.30000000e+00 nan
0 0 8.00000000e+00 1.20000000e+00 nan
0 0 8.00000000e+00 1.10000000e+00 nan
0 0 8.00000000e+00 1.00000000e+00 nan
0 0 8.00000000e+00 9.00000000e-01 nan
0 0 8.00000000e+00 8.00000000e-01 nan
0 0 8.00000000e+00 7.00000000e-01 nan
0 0 8.00000000e+00 6.00000000e-01 nan
0 0 8.00000000e+00 5.00000000e-01 nan
0 0 8.00000000e+00 4.00000000e-01 nan
0 0 8.00000000e+00 3.00000000e-01 nan
0 0 8.00000000e+00 2.00000000e-01 nan
0 0 8.00000000e+00 1.00000000e-01 nan
0 1 9.00000000e+00 1.00000000e+01 nan
0 1 9.00000000e+00 9.90000000e+00 nan
0 1 9.00000000e+00 9.80000000e+00 nan
0 1 9.00000000e+00 9.70000000e+00 nan
0 1 9.00000000e+00 9.60000000e+00 nan
0 1 9.00000000e+00 9.50000000e+00 nan
0 1 9.00000000e+00 9.40000000e+00 nan
0 1 9.00000000e+00 9.30000000e+00 nan
0 1 9.00000000e+00 9.20000000e+00 nan
0 1 9.00000000e+00 9.10000000e+00 nan
0 1 9.00000000e+00 9.00000000e+00 nan
0 1 9.00000000e+00 8.90000000e+00 nan
0 1 9.00000000e+00 8.80000000e+00 nan
0 1 9.00000000e+00 8.70000000e+00 nan
0 1 9.00000000e+00 8.60000000e+00 nan
0 1 9.00000000e+00 8.50000000e+00 nan
0 1 9.00000000e+00 8.40000000e+00 nan
0 1 9.00000000e+00 8.30000000e+00 nan
0 1 9.00000000e+00 8.20000000e+00 nan
0 1 9.00000000e+00 8.10000000e+00 nan
0 1 9.00000000e+00 8.00000000e+00 nan
0 1 9.00000000e+00 7.90000000e+00 nan
0 1 9.00000000e+00 7.80000000e+00 nan
0 1 9.00000000e+00 7.70000000e+00 nan
0 1 9.00000000e+00 7.60000000e+00 nan
0 1 9.00000000e+00 7.50000000e+00 nan
0 1 9.00000000e+00 7.40000000e+00 nan
0 1 9.00000000e+00 7.30000000e+00 nan
0 1 9.00000000e+00 7.20000000e+00 nan
0 1 9.00000000e+00 7.10000000e+00 nan
0 1 9.00000000e+00 7.00000000e+00 nan
0 1 9.00000000e+00 6.90000000e+00 nan
0 1 9.00000000e+00 6.80000000e+00 nan
0 1 9.00000000e+00 6.70000000e+00 nan
0 1 9.00000000e+00 6.60000000e+00 nan
0 1 9.00000000e+00 6.50000000e+00 nan
0 1 9.00000000e+00 6.40000000e+00 nan
0 1 9.00000000e+00 6.30000000e+00 nan
0 1 9.00000000e+00 6.20000000e+00 nan
0 1 9.00000000e+00 6.10000000e+00 nan
0 1 9.00000000e+00 6.00000000e+00 nan
0 1 9.00000000e+00 5.90000000e+00 nan
0 1 9.00000000e+00 5.80000000e+00 nan
0 1 9.00000000e+00 5.70000000e+00 nan
0 1 9.00000000e+00 5.60000000e+00 nan
0 1 9.00000000e+00 5.50000000e+00 nan
0 1 9.00000000e+00 5.40000000e+00 nan
0 1 9.00000000e+00 5.30000000e+00 nan
0 1 9.00000000e+00 5.20000000e+00 nan
0 1 9.00000000e+00 5.10000000e+00 nan
0 1 9.00000000e+00 5.00000000e+00 nan
0 1 9.00000000e+00 4.90000000e+00 nan
0 1 9.00000000e+00 4.80000000e+00 nan
0 1 9.00000000e+00 4.70000000e+00 nan
0 1 9.00000000e+00 4.60000000e+00 nan
0 1 9.00000000e+00 4.50000000e+00 nan
0 1 9.00000000e+00 4.40000000e+00 nan
0 1 9.00000000e+00 4.30000000e+00 nan
0 1 9.00000000e+00 4.20000000e+00 nan
0 1 9.00000000e+00 4.10000000e+00 nan
0 1 9.00000000e+00 4.00000000e+00 nan
0 1 9.00000000e+00 3.90000000e+00 nan
0 1 9.00000000e+00 3.80000000e+00 nan
0 1 9.00000000e+00 3.70000000e+00 nan
0 1 9.00000000e+00 3.60000000e+00 nan
0 1 9.00000000e+00 3.50000000e+00 nan
0 1 9.00000000e+00 3.40000000e+00 nan
0 1 9.00000000e+00 3.30000000e+00 nan
0 1 9.00000000e+00 3.20000000e+00 nan
0 1 9.00000000e+00 3.10000000e+00 nan
0 1 9.00000000e+00 3.00000000e+00 nan
0 1 9.00000000e+00 2.90000000e+00 nan
0 1 9.00000000e+00 2.80000000e+00 nan
0 1 9.00000000e+00 2.70000000e+00 nan
0 1 9.00000000e+00 2.60000000e+00 nan
0 1 9.00000000e+00 2.50000000e+00 nan
0 1 9.00000000e+00 2.40000000e+00 nan
0 1 9.00000000e+00 2.30000000e+00 nan
0 1 9.00000000e+00 2.20000000e+00 nan
0 1 9.00000000e+00 2.10000000e+00 nan
0 1 9.00000000e+00 2.00000000e+00 nan
0 1 9.00000000e+00 1.90000000e+00 nan
0 1 9.00000000e+00 1.80000000e+00 nan
0 1 9.00000000e+00 1.70000000e+00 nan
0 1 9.00000000e+00 1.60000000e+00 nan
0 1 9.00000000e+00 1.50000000e+00 nan
0 1 9.00000000e+00 1.40000000e+00 nan
0 1 9.00000000e+00 1.30000000e+00 nan
0 1 9.00000000e+00 1.20000000e+00 nan
0 1 9.00000000e+00 1.10000000e+00 nan
0 1 9.00000000e+00 1.00000000e+00 nan
0 1 9.00000000e+00 9.00000000e-01 nan
0 1 9.00000000e+00 8.00000000e-01 nan
0 1 9.00000000e+00 7.00000000e-01 nan
0 1 9.00000000e+00 6.00000000e-01 nan
0 1 9.00000000e+00 5.00000000e-01 nan
0 1 9.00000000e+00 4.00000000e-01 nan
0 1 9.00000000e+00 3.00000000e-01 nan
0 1 9.00000000e+00 2.00000000e-01 nan
0 1 9.00000000e+00 1.00000000e-01 nan
0 2 1.00000000e+01 1.00000000e+01 8.95293943e-01
0 2 1.00000000e+01 9.90000000e+00 8.93155961e-01
0 2 1.00000000e+01 9.80000000e+00 8.89998238e-01
0 2 1.00000000e+01 9.70000000e+00 8.86593404e-01
0 2 1.00000000e+01 9.60000000e+00 8.83110438e-01
0 2 1.00000000e+01 9.50000000e+00 8.79548290e-01
0 2 1.00000000e+01 9.40000000e+00 8.75900310e-01
0 2 1.00000000e+01 9.30000000e+00 8.72173007e-01
0 2 1.00000000e+01 9.20000000e+00 8.68372037e-01
0 2 1.00000000e+01 9.10000000e+00 8.64496828e-01
0 2 1.00000000e+01 9.00000000e+00 8.60546386e-01
0 2 1.00000000e+01 8.90000000e+00 8.56516708e-01
0 2 1.00000000e+01 8.80000000e+00 8.52397904e-01
0 2 1.00000000e+01 8.70000000e+00 8.48182327e-01
0 2 1.00000000e+01 8.60000000e+00 8.43872864e-01
0 2 1.00000000e+01 8.50000000e+00 8.39473839e-01
0 2 1.00000000e+01 8.40000000e+00 8.34982315e-01
0 2 1.00000000e+01 8.30000000e+00 8.30397230e-01
0 2 1.00000000e+01 8.20000000e+00 8.25718229e-01
0 2 1.00000000e+01 8.10000000e+00 8.20943874e-01
0 2 1.00000000e+01 8.00000000e+00 8.16079269e-01
0 2 1.00000000e+01 7.90000000e+00 8.11123456e-01
0 2 1.00000000e+01 7.80000000e+00 8.06061725e-01
0 2 1.00000000e+01 7.70000000e+00 8.00884500e-01
0 2 1.00000000e+01 7.60000000e+00 7.95600509e-01
0 2 1.00000000e+01 7.50000000e+00 7.90218035e-01
0 2 1.00000000e+01 7.40000000e+00 7.84738339e-01
0 2 1.00000000e+01 7.30000000e+00 7.79158990e-01
0 2 1.00000000e+01 7.20000000e+00 7.73473996e-01
0 2 1.00000000e+01 7.10000000e+00 7.67670835e-01
0 2 1.00000000e+01 7.00000000e+00 7.61736777e-01
0 2 1.00000000e+01 6.90000000e+00 7.55671236e-01
0 2 1.00000000e+01 6.80000000e+00 7.49485327e-01
0 2 1.00000000e+01 6.70000000e+00 7.43186706e-01
0 2 1.00000000e+01 6.60000000e+00 7.36767974e-01
0 2 1.00000000e+01 6.50000000e+00 7.30223055e-01
0 2 1.00000000e+01 6.40000000e+00 7.23548374e-01
0 2 1.00000000e+01 6.30000000e+00 7.16735333e-01
0 2 1.00000000e+01 6.20000000e+00 7.09772666e-01
0 2 1.00000000e+01 6.10000000e+00 7.02655545e-01
0 2 1.00000000e+01 6.00000000e+00 6.95392547e-01
0 2 1.00000000e+01 5.90000000e+00 6.87988203e-01
0 2 1.00000000e+01 5.80000000e+00 6.80438585e-01
0 2 1.00000000e+01 5.70000000e+00 6.72738749e-01
0 2 1.00000000e+01 5.60000000e+00 6.64884706e-01
0 2 1.00000000e+01 5.50000000e+00 6.56877072e-01
0 2 1.00000000e+01 5.40000000e+00 6.48712274e-01
0 2 1.00000000e+01 5.30000000e+00 6.40383891e-01
0 2 1.00000000e+01 5.20000000e+00 6.31887883e-01
0 2 1.00000000e+01 5.10000000e+00 6.23227655e-01
0 2 1.00000000e+01 5.00000000e+00 6.14397942e-01
0 2 1.00000000e+01 4.90000000e+00 6.05387642e-01
0 2 1.00000000e+01 4.80000000e+00 5.96203975e-01
0 2 1.00000000e+01 4.70000000e+00 5.86859325e-01
0 2 1.00000000e+01 4.60000000e+00 5.77363561e-01
0 2 1.00000000e+01 4.50000000e+00 5.67719543e-01
0 2 1.00000000e+01 4.40000000e+00 5.57918406e-01
0 2 1.00000000e+01 4.30000000e+00 5.47963398e-01
0 2 1.00000000e+01 4.20000000e+00 5.37864948e-01
0 2 1.00000000e+01 4.10000000e+00 5.27624899e-01
0 2 1.00000000e+01 4.00000000e+00 5.17241801e-01
0 2 1.00000000e+01 3.90000000e+00 5.06728569e-01
0 2 1.00000000e+01 3.80000000e+00 4.96105339e-01
0 2 1.00000000e+01 3.70000000e+00 4.85378262e-01
0 2 1.00000000e+01 3.60000000e+00 4.74547549e-01
0 2 1.00000000e+01 3.50000000e+00 4.63623980e-01
0 2 1.00000000e+01 3.40000000e+00 4.52622146e-01
0 2 1.00000000e+01 3.30000000e+00 4.41561678e-01
0 2 1.00000000e+01 3.20000000e+00 4.30467680e-01
0 2 1.00000000e+01 3.10000000e+00 4.19355562e-01
0 2 1.00000000e+01 3.00000000e+00 4.08242288e-01
0 2 1.00000000e+01 2.90000000e+00 3.97145048e-01
0 2 1.00000000e+01 2.80000000e+00 3.86082576e-01
0 2 1.00000000e+01 2.70000000e+00 3.75081897e-01
0 2 1.00000000e+01 2.60000000e+00 3.64167777e-01
0 2 1.00000000e+01 2.50000000e+00 3.53370395e-01
0 2 1.00000000e+01 2.40000000e+00 3.42730533e-01
0 2 1.00000000e+01 2.30000000e+00 3.32291783e-01
0 2 1.00000000e+01 2.20000000e+00 3.22099388e-01
0 2 1.00000000e+01 2.10000000e+00 3.12194868e-01
0 2 1.00000000e+01 2.00000000e+00 3.02625990e-01
0 2 1.00000000e+01 1.90000000e+00 2.93455392e-01
0 2 1.00000000e+01 1.80000000e+00 2.84749195e-01
0 2 1.00000000e+01 1.70000000e+00 2.76569730e-01
0 2 1.00000000e+01 1.60000000e+00 2.68977302e-01
0 2 1.00000000e+01 1.50000000e+00 2.62030336e-01
0 2 1.00000000e+01 1.40000000e+00 2.55811378e-01
0 2 1.00000000e+01 1.30000000e+00 2.50433955e-01
0 2 1.00000000e+01 1.20000000e+00 2.46026764e-01
0 2 1.00000000e+01 1.10000000e+00 2.42748726e-01
0 2 1.00000000e+01 1.00000000e+00 2.40841928e-01
0 2 1.00000000e+01 9.00000000e-01 2.40698636e-01
0 2 1.00000000e+01 8.00000000e-01 2.42910314e-01
0 2 1.00000000e+01 7.00000000e-01 2.48363650e-01
0 2 1.00000000e+01 6.00000000e-01 2.58564425e-01
0 2 1.00000000e+01 5.00000000e-01 2.76345362e-01
0 2 1.00000000e+01 4.00000000e-01 3.07299454e-01
0 2 1.00000000e+01 3.00000000e-01 3.62678084e-01
0 2 1.00000000e+01 2.00000000e-01 4.52888992e-01
0 2 1.00000000e+01 1.00000000e-01 5.40345639e-01
0 3 1.10000000e+01 1.00000000e+01 9.49895308e-01
0 3 1.10000000e+01 9.90000000e+00 9.48461637e-01
0 3 1.10000000e+01 9.80000000e+00 9.46338447e-01
0 3 1.10000000e+01 9.70000000e+00 9.44042377e-01
0 3 1.10000000e+01 9.60000000e+00 9.41679724e-01
0 3 1.10000000e+01 9.50000000e+00 9.39247951e-01
0 3 1.10000000e+01 9.40000000e+00 9.36752765e-01
0 3 1.10000000e+01 9.30000000e+00 9.34201392e-01
0 3 1.10000000e+01 9.20000000e+00 9.31591131e-01
0 3 1.10000000e+01 9.10000000e+00 9.28924215e-01
0 3 1.10000000e+01 9.00000000e+00 9.26205319e-01
0 3 1.10000000e+01 8.90000000e+00 9.23431717e-01
0 3 1.10000000e+01 8.80000000e+00 9.20601105e-01
0 3 1.10000000e+01 8.70000000e+00 9.17718245e-01
0 3 1.10000000e+01 8.60000000e+00 9.14783404e-01
0 3 1.10000000e+01 8.50000000e+00 9.11782185e-01
0 3 1.10000000e+01 8.40000000e+00 9.08707639e-01
0 3 1.10000000e+01 8.30000000e+00 9.05563688e-01
0 3 1.10000000e+01 8.20000000e+00 9.02354820e-01
0 3 1.10000000e+01 8.10000000e+00 8.99080194e-01
0 3 1.10000000e+01 8.00000000e+00 8.95733582e-01
0 3 1.10000000e+01 7.90000000e+00 8.92308713e-01
0 3 1.10000000e+01 7.80000000e+00 8.88798804e-01
0 3 1.10000000e+01 7.70000000e+00 8.85205901e-01
0 3 1.10000000e+01 7.60000000e+00 8.81536119e-01
0 3 1.10000000e+01 7.50000000e+00 8.77784285e-01
0 3 1.10000000e+01 7.40000000e+00 8.73948847e-01
0 3 1.10000000e+01 7.30000000e+00 8.70023489e-01
0 3 1.10000000e+01 7.20000000e+00 8.66006857e-01
0 3 1.10000000e+01 7.10000000e+00 8.61902121e-01
0 3 1.10000000e+01 7.00000000e+00 8.57700510e-01
0 3 1.10000000e+01 6.90000000e+00 8.53392754e-01
0 3 1.10000000e+01 6.80000000e+00 8.48995299e-01
0 3 1.10000000e+01 6.70000000e+00 8.44532448e-01
0 3 1.10000000e+01 6.60000000e+00 8.39998157e-01
0 3 1.10000000e+01 6.50000000e+00 8.35365196e-01
0 3 1.10000000e+01 6.40000000e+00 8.30624624e-01
0 3 1.10000000e+01 6.30000000e+00 8.25775772e-01
0 3 1.10000000e+01 6.20000000e+00 8.20815367e-01
0 3 1.10000000e+01 6.10000000e+00 8.15762505e-01
0 3 1.10000000e+01 6.00000000e+00 8.10638997e-01
0 3 1.10000000e+01 5.90000000e+00 8.05435249e-01
0 3 1.10000000e+01 5.80000000e+00 8.00126665e-01
0 3 1.10000000e+01 5.70000000e+00 7.94699182e-01
0 3 1.10000000e+01 5.60000000e+00 7.89161828e-01
0 3 1.10000000e+01 5.50000000e+00 7.83514260e-01
0 3 1.10000000e+01 5.40000000e+00 7.77740498e-01
0 3 1.10000000e+01 5.30000000e+00 7.71838035e-01
0 3 1.10000000e+01 5.20000000e+00 7.65818830e-01
0 3 1.10000000e+01 5.10000000e+00 7.59703729e-01
0 3 1.10000000e+01 5.00000000e+00 7.53510021e-01
0 3 1.10000000e+01 4.90000000e+00 7.47222012e-01
0 3 1.10000000e+01 4.80000000e+00 7.40823654e-01
0 3 1.10000000e+01 4.70000000e+00 7.34320820e-01
0 3 1.10000000e+01 4.60000000e+00 7.27719054e-01
0 3 1.10000000e+01 4.50000000e+00 7.21017880e-01
0 3 1.10000000e+01 4.40000000e+00 7.14221246e-01
0 3 1.10000000e+01 4.30000000e+00 7.07330884e-01
0 3 1.10000000e+01 4.20000000e+00 7.00345488e-01
0 3 1.10000000e+01 4.10000000e+00 6.93263800e-01
0 3 1.10000000e+01 4.00000000e+00 6.86094121e-01
0 3 1.10000000e+01 3.90000000e+00 6.78851407e-01
0 3 1.10000000e+01 3.80000000e+00 6.71545222e-01
0 3 1.10000000e+01 3.70000000e+00 6.64169580e-01
0 3 1.10000000e+01 3.60000000e+00 6.56710888e-01
0 3 1.10000000e+01 3.50000000e+00 6.49183239e-01
0 3 1.10000000e+01 3.40000000e+00 6.41610543e-01
0 3 1.10000000e+01 3.30000000e+00 6.34009414e-01
0 3 1.10000000e+01 3.20000000e+00 6.26399689e-01
0 3 1.10000000e+01 3.10000000e+00 6.18794322e-01
0 3 1.10000000e+01 3.00000000e+00 6.11205324e-01
0 3 1.10000000e+01 2.90000000e+00 6.03662631e-01
0 3 1.10000000e+01 2.80000000e+00 5.96178936e-01
0 3 1.10000000e+01 2.70000000e+00 5.88756900e-01
0 3 1.10000000e+01 2.60000000e+00 5.81415377e-01
0 3 1.10000000e+01 2.50000000e+00 5.74194981e-01
0 3 1.10000000e+01 2.40000000e+00 5.67129529e-01
0 3 1.10000000e+01 2.30000000e+00 5.60249766e-01
0 3 1.10000000e+01 2.20000000e+00 5.53601838e-01
0 3 1.10000000e+01 2.10000000e+00 5.47231562e-01
0 3 1.10000000e+01 2.00000000e+00 5.41174099e-01
0 3 1.10000000e+01 1.90000000e+00 5.35471382e-01
0 3 1.10000000e+01 1.80000000e+00 5.30190535e-01
0 3 1.10000000e+01 1.70000000e+00 5.25421091e-01
0 3 1.10000000e+01 1.60000000e+00 5.21272010e-01
0 3 1.10000000e+01 1.50000000e+00 5.17863234e-01
0 3 1.10000000e+01 1.40000000e+00 5.15326719e-01
0 3 1.10000000e+01 1.30000000e+00 5.13855325e-01
0 3 1.10000000e+01 1.20000000e+00 5.13725211e-01
0 3 1.10000000e+01 1.10000000e+00 5.15286979e-01
0 3 1.10000000e+01 1.00000000e+00 5.19006509e-01
0 3 1.10000000e+01 9.00000000e-01 5.25545190e-01
0 3 1.10000000e+01 8.00000000e-01 5.35904227e-01
0 3 1.10000000e+01 7.00000000e-01 5.51650326e-01
0 3 1.10000000e+01 6.00000000e-01 5.75260382e-01
0 3 1.10000000e+01 5.00000000e-01 6.10934484e-01
0 3 1.10000000e+01 4.00000000e-01 6.66081312e-01
0 3 1.10000000e+01 3.00000000e-01 7.51296428e-01
0 3 1.10000000e+01 2.00000000e-01 8.66130897e-01
0 3 1.10000000e+01 1.00000000e-01 9.62326732e-01
0 4 1.20000000e+01 1.00000000e+01 7.64728941e-01
0 4 1.20000000e+01 9.90000000e+00 7.62327707e-01
0 4 1.20000000e+01 9.80000000e+00 7.58794727e-01
0 4 1.20000000e+01 9.70000000e+00 7.55028025e-01
0 4 1.20000000e+01 9.60000000e+00 7.51231177e-01
0 4 1.20000000e+01 9.50000000e+00 7.47389009e-01
0 4 1.20000000e+01 9.40000000e+00 7.43474164e-01
0 4 1.20000000e+01 9.30000000e+00 7.39484397e-01
0 4 1.20000000e+01 9.20000000e+00 7.35431196e-01
0 4 1.20000000e+01 9.10000000e+00 7.31335274e-01
0 4 1.20000000e+01 9.00000000e+00 7.27193560e-01
0 4 1.20000000e+01 8.90000000e+00 7.22969357e-01
0 4 1.20000000e+01 8.80000000e+00 7.18652303e-01
0 4 1.20000000e+01 8.70000000e+00 7.14244771e-01
0 4 1.20000000e+01 8.60000000e+00 7.09749998e-01
0 4 1.20000000e+01 8.50000000e+00 7.05163781e-01
0 4 1.20000000e+01 8.40000000e+00 7.00485356e-01
0 4 1.20000000e+01 8.30000000e+00 6.95743898e-01
0 4 1.20000000e+01 8.20000000e+00 6.90962315e-01
0 4 1.20000000e+01 8.10000000e+00 6.86120687e-01
0 4 1.20000000e+01 8.00000000e+00 6.81193215e-01
0 4 1.20000000e+01 7.90000000e+00 6.76179871e-01
0 4 1.20000000e+01 7.80000000e+00 6.71091666e-01
0 4 1.20000000e+01 7.70000000e+00 6.65930374e-01
0 4 1.20000000e+01 7.60000000e+00 6.60691644e-01
0 4 1.20000000e+01 7.50000000e+00 6.55396120e-01
0 4 1.20000000e+01 7.40000000e+00 6.50051347e-01
0 4 1.20000000e+01 7.30000000e+00 6.44642010e-01
0 4 1.20000000e+01 7.20000000e+00 6.39175703e-01
0 4 1.20000000e+01 7.10000000e+00 6.33657301e-01
0 4 1.20000000e+01 7.00000000e+00 6.28072009e-01
0 4 1.20000000e+01 6.90000000e+00 6.22418121e-01
0 4 1.20000000e+01 6.80000000e+00 6.16680444e-01
0 4 1.20000000e+01 6.70000000e+00 6.10846407e-01
0 4 1.20000000e+01 6.60000000e+00 6.04940849e-01
0 4 1.20000000e+01 6.50000000e+00 5.98989316e-01
0 4 1.20000000e+01 6.40000000e+00 5.92985108e-01
0 4 1.20000000e+01 6.30000000e+00 5.86907917e-01
0 4 1.20000000e+01 6.20000000e+00 5.80738835e-01
0 4 1.20000000e+01 6.10000000e+00 5.74478948e-01
0 4 1.20000000e+01 6.00000000e+00 5.68145017e-01
0 4 1.20000000e+01 5.90000000e+00 5.61751297e-01
0 4 1.20000000e+01 5.80000000e+00 5.55314557e-01
0 4 1.20000000e+01 5.70000000e+00 5.48848458e-01
0 4 1.20000000e+01 5.60000000e+00 5.42340058e-01
0 4 1.20000000e+01 5.50000000e+00 5.35758003e-01
0 4 1.20000000e+01 5.40000000e+00 5.29069948e-01
0 4 1.20000000e+01 5.30000000e+00 5.22265054e-01
0 4 1.20000000e+01 5.20000000e+00 5.15392209e-01
0 4 1.20000000e+01 5.10000000e+00 5.08499154e-01
0 4 1.20000000e+01 5.00000000e+00 5.01578494e-01
0 4 1.20000000e+01 4.90000000e+00 4.94624577e-01
0 4 1.20000000e+01 4.80000000e+00 4.87637214e-01
0 4 1.20000000e+01 4.70000000e+00 4.80617666e-01
0 4 1.20000000e+01 4.60000000e+00 4.73577361e-01
0 4 1.20000000e+01 4.50000000e+00 4.66537851e-01
0 4 1.20000000e+01 4.40000000e+00 4.59507821e-01
0 4 1.20000000e+01 4.30000000e+00 4.52484593e-01
0 4 1.20000000e+01 4.20000000e+00 4.45467404e-01
0 4 1.20000000e+01 4.10000000e+00 4.38464601e-01
0 4 1.20000000e+01 4.00000000e+00 4.31492053e-01
0 4 1.20000000e+01 3.90000000e+00 4.24563948e-01
0 4 1.20000000e+01 3.80000000e+00 4.17690497e-01
0 4 1.20000000e+01 3.70000000e+00 4.10867168e-01
0 4 1.20000000e+01 3.60000000e+00 4.04116556e-01
0 4 1.20000000e+01 3.50000000e+00 3.97455109e-01
0 4 1.20000000e+01 3.40000000e+00 3.90869776e-01
0 4 1.20000000e+01 3.30000000e+00 3.84376923e-01
0 4 1.20000000e+01 3.20000000e+00 3.78008275e-01
0 4 1.20000000e+01 3.10000000e+00 3.71782291e-01
0 4 1.20000000e+01 3.00000000e+00 3.65716116e-01
0 4 1.20000000e+01 2.90000000e+00 3.59823349e-01
0 4 1.20000000e+01 2.80000000e+00 3.54101613e-01
0 4 1.20000000e+01 2.70000000e+00 3.48558383e-01
0 4 1.20000000e+01 2.60000000e+00 3.43221093e-01
0 4 1.20000000e+01 2.50000000e+00 3.38102054e-01
0 4 1.20000000e+01 2.40000000e+00 3.33209325e-01
0 4 1.20000000e+01 2.30000000e+00 3.28547475e-01
0 4 1.20000000e+01 2.20000000e+00 3.24129732e-01
0 4 1.20000000e+01 2.10000000e+00 3.20015343e-01
0 4 1.20000000e+01 2.00000000e+00 3.16256264e-01
0 4 1.20000000e+01 1.90000000e+00 3.12873927e-01
0 4 1.20000000e+01 1.80000000e+00 3.09894909e-01
0 4 1.20000000e+01 1.70000000e+00 3.07379700e-01
0 4 1.20000000e+01 1.60000000e+00 3.05421098e-01
0 4 1.20000000e+01 1.50000000e+00 3.04139166e-01
0 4 1.20000000e+01 1.40000000e+00 3.03667324e-01
0 4 1.20000000e+01 1.30000000e+00 3.04147328e-01
0 4 1.20000000e+01 1.20000000e+00 3.05802239e-01
0 4 1.20000000e+01 1.10000000e+00 3.09026131e-01
0 4 1.20000000e+01 1.00000000e+00 3.14284576e-01
0 4 1.20000000e+01 9.00000000e-01 3.22127405e-01
0 4 1.20000000e+01 8.00000000e-01 3.33574565e-01
0 4 1.20000000e+01 7.00000000e-01 3.50471489e-01
0 4 1.20000000e+01 6.00000000e-01 3.75802895e-01
0 4 1.20000000e+01 5.00000000e-01 4.14927418e-01
0 4 1.20000000e+01 4.00000000e-01 4.78938971e-01
0 4 1.20000000e+01 3.00000000e-01 5.90498085e-01
0 4 1.20000000e+01 2.00000000e-01 7.68070724e-01
0 4 1.20000000e+01 1.00000000e-01 9.36731860e-01
0 5 1.30000000e+01 1.00000000e+01 9.18478654e-01
0 5 1.30000000e+01 9.90000000e+00 9.16870397e-01
0 5 1.30000000e+01 9.80000000e+00 9.14461917e-01
0 5 1.30000000e+01 9.70000000e+00 9.11835293e-01
0 5 1.30000000e+01 9.60000000e+00 9.09196673e-01
0 5 1.30000000e+01 9.50000000e+00 9.06608176e-01
0 5 1.30000000e+01 9.40000000e+00 9.04038619e-01
0 5 1.30000000e+01 9.30000000e+00 9.01420131e-01
0 5 1.30000000e+01 9.20000000e+00 8.98706672e-01
0 5 1.30000000e+01 9.10000000e+00 8.95903265e-01
0 5 1.30000000e+01 9.00000000e+00 8.93004111e-01
0 5 1.30000000e+01 8.90000000e+00 8.89971683e-01
0 5 1.30000000e+01 8.80000000e+00 8.86817028e-01
0 5 1.30000000e+01 8.70000000e+00 8.83583416e-01
0 5 1.30000000e+01 8.60000000e+00 8.80294679e-01
0 5 1.30000000e+01 8.50000000e+00 8.76923105e-01
0 5 1.30000000e+01 8.40000000e+00 8.73399631e-01
0 5 1.30000000e+01 8.30000000e+00 8.69674251e-01
0 5 1.30000000e+01 8.20000000e+00 8.65754562e-01
0 5 1.30000000e+01 8.10000000e+00 8.61688521e-01
0 5 1.30000000e+01 8.00000000e+00 8.57533588e-01
0 5 1.30000000e+01 7.90000000e+00 8.53306497e-01
0 5 1.30000000e+01 7.80000000e+00 8.49018338e-01
0 5 1.30000000e+01 7.70000000e+00 8.44722147e-01
0 5 1.30000000e+01 7.60000000e+00 8.40455623e-01
0 5 1.30000000e+01 7.50000000e+00 8.36178250e-01
0 5 1.30000000e+01 7.40000000e+00 8.31825515e-01
0 5 1.30000000e+01 7.30000000e+00 8.27324863e-01
0 5 1.30000000e+01 7.20000000e+00 8.22615345e-01
0 5 1.30000000e+01 7.10000000e+00 8.17713389e-01
0 5 1.30000000e+01 7.00000000e+00 8.12682289e-01
0 5 1.30000000e+01 6.90000000e+00 8.07544736e-01
0 5 1.30000000e+01 6.80000000e+00 8.02291810e-01
0 5 1.30000000e+01 6.70000000e+00 7.96921271e-01
0 5 1.30000000e+01 6.60000000e+00 7.91478983e-01
0 5 1.30000000e+01 6.50000000e+00 7.85991894e-01
0 5 1.30000000e+01 6.40000000e+00 7.80404832e-01
0 5 1.30000000e+01 6.30000000e+00 7.74679889e-01
0 5 1.30000000e+01 6.20000000e+00 7.68824036e-01
0 5 1.30000000e+01 6.10000000e+00 7.62865751e-01
0 5 1.30000000e+01 6.00000000e+00 7.56826827e-01
0 5 1.30000000e+01 5.90000000e+00 7.50721991e-01
0 5 1.30000000e+01 5.80000000e+00 7.44560794e-01
0 5 1.30000000e+01 5.70000000e+00 7.38306351e-01
0 5 1.30000000e+01 5.60000000e+00 7.31914315e-01
0 5 1.30000000e+01 5.50000000e+00 7.25395469e-01
0 5 1.30000000e+01 5.40000000e+00 7.18786850e-01
0 5 1.30000000e+01 5.30000000e+00 7.12103091e-01
0 5 1.30000000e+01 5.20000000e+00 7.05341153e-01
0 5 1.30000000e+01 5.10000000e+00 6.98464663e-01
0 5 1.30000000e+01 5.00000000e+00 6.91426516e-01
0 5 1.30000000e+01 4.90000000e+00 6.84257437e-01
0 5 1.30000000e+01 4.80000000e+00 6.77021415e-01
0 5 1.30000000e+01 4.70000000e+00 6.69727155e-01
0 5 1.30000000e+01 4.60000000e+00 6.62348341e-01
0 5 1.30000000e+01 4.50000000e+00 6.54873146e-01
0 5 1.30000000e+01 4.40000000e+00 6.47300023e-01
0 5 1.30000000e+01 4.30000000e+00 6.39570899e-01
0 5 1.30000000e+01 4.20000000e+00 6.31653669e-01
0 5 1.30000000e+01 4.10000000e+00 6.23583045e-01
0 5 1.30000000e+01 4.00000000e+00 6.15372058e-01
0 5 1.30000000e+01 3.90000000e+00 6.07059060e-01
0 5 1.30000000e+01 3.80000000e+00 5.98670627e-01
0 5 1.30000000e+01 3.70000000e+00 5.90198173e-01
0 5 1.30000000e+01 3.60000000e+00 5.81642490e-01
0 5 1.30000000e+01 3.50000000e+00 5.73004089e-01
0 5 1.30000000e+01 3.40000000e+00 5.64265049e-01
0 5 1.30000000e+01 3.30000000e+00 5.55433547e-01
0 5 1.30000000e+01 3.20000000e+00 5.46498417e-01
0 5 1.30000000e+01 3.10000000e+00 5.37451886e-01
0 5 1.30000000e+01 3.00000000e+00 5.28354895e-01
0 5 1.30000000e+01 2.90000000e+00 5.19319711e-01
0 5 1.30000000e+01 2.80000000e+00 5.10402124e-01
0 5 1.30000000e+01 2.70000000e+00 5.01568631e-01
0 5 1.30000000e+01 2.60000000e+00 4.92788127e-01
0 5 1.30000000e+01 2.50000000e+00 4.84056954e-01
0 5 1.30000000e+01 2.40000000e+00 4.75405958e-01
0 5 1.30000000e+01 2.30000000e+00 4.66848203e-01
0 5 1.30000000e+01 2.20000000e+00 4.58369352e-01
0 5 1.30000000e+01 2.10000000e+00 4.49973044e-01
0 5 1.30000000e+01 2.00000000e+00 4.41680508e-01
0 5 1.30000000e+01 1.90000000e+00 4.33414273e-01
0 5 1.30000000e+01 1.80000000e+00 4.25068840e-01
0 5 1.30000000e+01 1.70000000e+00 4.16601974e-01
0 5 1.30000000e+01 1.60000000e+00 4.07947167e-01
0 5 1.30000000e+01 1.50000000e+00 3.99031566e-01
0 5 1.30000000e+01 1.40000000e+00 3.89870435e-01
0 5 1.30000000e+01 1.30000000e+00 3.80560518e-01
0 5 1.30000000e+01 1.20000000e+00 3.71168383e-01
0 5 1.30000000e+01 1.10000000e+00 3.61813961e-01
0 5 1.30000000e+01 1.00000000e+00 3.52613239e-01
0 5 1.30000000e+01 9.00000000e-01 3.43776916e-01
0 5 1.30000000e+01 8.00000000e-01 3.35782786e-01
0 5 1.30000000e+01 7.00000000e-01 3.29720673e-01
0 5 1.30000000e+01 6.00000000e-01 3.27694165e-01
0 5 1.30000000e+01 5.00000000e-01 3.33638982e-01
0 5 1.30000000e+01 4.00000000e-01 3.56770219e-01
0 5 1.30000000e+01 3.00000000e-01 4.21026976e-01
0 5 1.30000000e+01 2.00000000e-01 5.56953942e-01
0 5 1.30000000e+01 1.00000000e-01 7.04577261e-01
0 6 1.40000000e+01 1.00000000e+01 1.01500669e+00
0 6 1.40000000e+01 9.90000000e+00 1.01516446e+00
0 6 1.40000000e+01 9.80000000e+00 1.01539373e+00
0 6 1.40000000e+01 9.70000000e+00 1.01557579e+00
0 6 1.40000000e+01 9.60000000e+00 1.01555380e+00
0 6 1.40000000e+01 9.50000000e+00 1.01522484e+00
0 6 1.40000000e+01 9.40000000e+00 1.01468313e+00
0 6 1.40000000e+01 9.30000000e+00 1.01415220e+00
0 6 1.40000000e+01 9.20000000e+00 1.01376718e+00
0 6 1.40000000e+01 9.10000000e+00 1.01346200e+00
0 6 1.40000000e+01 9.00000000e+00 1.01311367e+00
0 6 1.40000000e+01 8.90000000e+00 1.01274334e+00
0 6 1.40000000e+01 8.80000000e+00 1.01243170e+00
0 6 1.40000000e+01 8.70000000e+00 1.01216835e+00
0 6 1.40000000e+01 8.60000000e+00 1.01196029e+00
0 6 1.40000000e+01 8.50000000e+00 1.01187886e+00
0 6 1.40000000e+01 8.40000000e+00 1.01189291e+00
0 6 1.40000000e+01 8.30000000e+00 1.01182138e+00
0 6 1.40000000e+01 8.20000000e+00 1.01156410e+00
0 6 1.40000000e+01 8.10000000e+00 1.01122021e+00
0 6 1.40000000e+01 8.00000000e+00 1.01089460e+00
0 6 1.40000000e+01 7.90000000e+00 1.01055454e+00
0 6 1.40000000e+01 7.80000000e+00 1.01014388e+00
0 6 1.40000000e+01 7.70000000e+00 1.00968449e+00
0 6 1.40000000e+01 7.60000000e+00 1.00916773e+00
0 6 1.40000000e+01 7.50000000e+00 1.00855553e+00
0 6 1.40000000e+01 7.40000000e+00 1.00788944e+00
0 6 1.40000000e+01 7.30000000e+00 1.00728254e+00
0 6 1.40000000e+01 7.20000000e+00 1.00679958e+00
0 6 1.40000000e+01 7.10000000e+00 1.00629678e+00
0 6 1.40000000e+01 7.00000000e+00 1.00547838e+00
0 6 1.40000000e+01 6.90000000e+00 1.00425957e+00
0 6 1.40000000e+01 6.80000000e+00 1.00274714e+00
0 6 1.40000000e+01 6.70000000e+00 1.00099730e+00
0 6 1.40000000e+01 6.60000000e+00 9.98957256e-01
0 6 1.40000000e+01 6.50000000e+00 9.96677550e-01
0 6 1.40000000e+01 6.40000000e+00 9.94403642e-01
0 6 1.40000000e+01 6.30000000e+00 9.92261791e-01
0 6 1.40000000e+01 6.20000000e+00 9.90125354e-01
0 6 1.40000000e+01 6.10000000e+00 9.87973433e-01
0 6 1.40000000e+01 6.00000000e+00 9.86006669e-01
0 6 1.40000000e+01 5.90000000e+00 9.84237963e-01
0 6 1.40000000e+01 5.80000000e+00 9.82602187e-01
0 6 1.40000000e+01 5.70000000e+00 9.81076873e-01
0 6 1.40000000e+01 5.60000000e+00 9.79521247e-01
0 6 1.40000000e+01 5.50000000e+00 9.77730778e-01
0 6 1.40000000e+01 5.40000000e+00 9.75668898e-01
0 6 1.40000000e+01 5.30000000e+00 9.73501347e-01
0 6 1.40000000e+01 5.20000000e+00 9.71460209e-01
0 6 1.40000000e+01 5.10000000e+00 9.69654151e-01
0 6 1.40000000e+01 5.00000000e+00 9.67975187e-01
0 6 1.40000000e+01 4.90000000e+00 9.66242163e-01
0 6 1.40000000e+01 4.80000000e+00 9.64325371e-01
0 6 1.40000000e+01 4.70000000e+00 9.62172161e-01
0 6 1.40000000e+01 4.60000000e+00 9.59821280e-01
0 6 1.40000000e+01 4.50000000e+00 9.57396502e-01
0 6 1.40000000e+01 4.40000000e+00 9.54923572e-01
0 6 1.40000000e+01 4.30000000e+00 9.52250883e-01
0 6 1.40000000e+01 4.20000000e+00 9.49282315e-01
0 6 1.40000000e+01 4.10000000e+00 9.46085074e-01
0 6 1.40000000e+01 4.00000000e+00 9.42883231e-01
0 6 1.40000000e+01 3.90000000e+00 9.39956123e-01
0 6 1.40000000e+01 3.80000000e+00 9.37357682e-01
0 6 1.40000000e+01 3.70000000e+00 9.34829044e-01
0 6 1.40000000e+01 3.60000000e+00 9.32047245e-01
0 6 1.40000000e+01 3.50000000e+00 9.28835295e-01
0 6 1.40000000e+01 3.40000000e+00 9.25095926e-01
0 6 1.40000000e+01 3.30000000e+00 9.20923167e-01
0 6 1.40000000e+01 3.20000000e+00 9.16760587e-01
0 6 1.40000000e+01 3.10000000e+00 9.12910536e-01
0 6 1.40000000e+01 3.00000000e+00 9.09079939e-01
0 6 1.40000000e+01 2.90000000e+00 9.04851472e-01
0 6 1.40000000e+01 2.80000000e+00 9.00070787e-01
0 6 1.40000000e+01 2.70000000e+00 8.94774470e-01
0 6 1.40000000e+01 2.60000000e+00 8.89158840e-01
0 6 1.40000000e+01 2.50000000e+00 8.83553646e-01
0 6 1.40000000e+01 2.40000000e+00 8.78259603e-01
0 6 1.40000000e+01 2.30000000e+00 8.73457613e-01
0 6 1.40000000e+01 2.20000000e+00 8.69103819e-01
0 6 1.40000000e+01 2.10000000e+00 8.65045401e-01
0 6 1.40000000e+01 2.00000000e+00 8.61216576e-01
0 6 1.40000000e+01 1.90000000e+00 8.57546261e-01
0 6 1.40000000e+01 1.80000000e+00 8.53836809e-01
0 6 1.40000000e+01 1.70000000e+00 8.49865436e-01
0 6 1.40000000e+01 1.60000000e+00 8.45566592e-01
0 6 1.40000000e+01 1.50000000e+00 8.40686802e-01
0 6 1.40000000e+01 1.40000000e+00 8.34586227e-01
0 6 1.40000000e+01 1.30000000e+00 8.26801664e-01
0 6 1.40000000e+01 1.20000000e+00 8.17396329e-01
0 6 1.40000000e+01 1.10000000e+00 8.06625056e-01
0 6 1.40000000e+01 1.00000000e+00 7.94720671e-01
0 6 1.40000000e+01 9.00000000e-01 7.81675024e-01
0 6 1.40000000e+01 8.00000000e-01 7.66842742e-01
0 6 1.40000000e+01 7.00000000e-01 7.49513472e-01
0 6 1.40000000e+01 6.00000000e-01 7.29469047e-01
0 6 1.40000000e+01 5.00000000e-01 7.06412696e-01
0 6 1.40000000e+01 4.00000000e-01 6.82818706e-01
0 6 1.40000000e+01 3.00000000e-01 6.74944124e-01
0 6 1.40000000e+01 2.00000000e-01 7.14300056e-01
0 6 1.40000000e+01 1.00000000e-01 7.80559485e-01
