# Simulation = EAGLE
# Columns: model_index halo_mass_index halo_mass_bin_value x=R/R200c y=f_b(<R)/f_b,cosmic
0 0 8.00000000e+00 1.00000000e+01 8.55720232e-01
0 0 8.00000000e+00 9.90000000e+00 8.52684209e-01
0 0 8.00000000e+00 9.80000000e+00 8.48203965e-01
0 0 8.00000000e+00 9.70000000e+00 8.43369902e-01
0 0 8.00000000e+00 9.60000000e+00 8.38421389e-01
0 0 8.00000000e+00 9.50000000e+00 8.33374429e-01
0 0 8.00000000e+00 9.40000000e+00 8.28232279e-01
0 0 8.00000000e+00 9.30000000e+00 8.22999422e-01
0 0 8.00000000e+00 9.20000000e+00 8.17671936e-01
0 0 8.00000000e+00 9.10000000e+00 8.12244354e-01
0 0 8.00000000e+00 9.00000000e+00 8.06713259e-01
0 0 8.00000000e+00 8.90000000e+00 8.01075070e-01
0 0 8.00000000e+00 8.80000000e+00 7.95331333e-01
0 0 8.00000000e+00 8.70000000e+00 7.89479921e-01
0 0 8.00000000e+00 8.60000000e+00 7.83514598e-01
0 0 8.00000000e+00 8.50000000e+00 7.77434238e-01
0 0 8.00000000e+00 8.40000000e+00 7.71241408e-01
0 0 8.00000000e+00 8.30000000e+00 7.64930804e-01
0 0 8.00000000e+00 8.20000000e+00 7.58493859e-01
0 0 8.00000000e+00 8.10000000e+00 7.51929071e-01
0 0 8.00000000e+00 8.00000000e+00 7.45241965e-01
0 0 8.00000000e+00 7.90000000e+00 7.38435137e-01
0 0 8.00000000e+00 7.80000000e+00 7.31503329e-01
0 0 8.00000000e+00 7.70000000e+00 7.24439958e-01
0 0 8.00000000e+00 7.60000000e+00 7.17247656e-01
0 0 8.00000000e+00 7.50000000e+00 7.09923972e-01
0 0 8.00000000e+00 7.40000000e+00 7.02462798e-01
0 0 8.00000000e+00 7.30000000e+00 6.94867028e-01
0 0 8.00000000e+00 7.20000000e+00 6.87143959e-01
0 0 8.00000000e+00 7.10000000e+00 6.79285652e-01
0 0 8.00000000e+00 7.00000000e+00 6.71280486e-01
0 0 8.00000000e+00 6.90000000e+00 6.63121318e-01
0 0 8.00000000e+00 6.80000000e+00 6.54815519e-01
0 0 8.00000000e+00 6.70000000e+00 6.46366796e-01
0 0 8.00000000e+00 6.60000000e+00 6.37767081e-01
0 0 8.00000000e+00 6.50000000e+00 6.29017643e-01
0 0 8.00000000e+00 6.40000000e+00 6.20118830e-01
0 0 8.00000000e+00 6.30000000e+00 6.11065311e-01
0 0 8.00000000e+00 6.20000000e+00 6.01853512e-01
0 0 8.00000000e+00 6.10000000e+00 5.92479655e-01
0 0 8.00000000e+00 6.00000000e+00 5.82942185e-01
0 0 8.00000000e+00 5.90000000e+00 5.73241051e-01
0 0 8.00000000e+00 5.80000000e+00 5.63385217e-01
0 0 8.00000000e+00 5.70000000e+00 5.53376775e-01
0 0 8.00000000e+00 5.60000000e+00 5.43212094e-01
0 0 8.00000000e+00 5.50000000e+00 5.32889800e-01
0 0 8.00000000e+00 5.40000000e+00 5.22403044e-01
0 0 8.00000000e+00 5.30000000e+00 5.11752233e-01
0 0 8.00000000e+00 5.20000000e+00 5.00943712e-01
0 0 8.00000000e+00 5.10000000e+00 4.89980384e-01
0 0 8.00000000e+00 5.00000000e+00 4.78864846e-01
0 0 8.00000000e+00 4.90000000e+00 4.67596208e-01
0 0 8.00000000e+00 4.80000000e+00 4.56179095e-01
0 0 8.00000000e+00 4.70000000e+00 4.44620151e-01
0 0 8.00000000e+00 4.60000000e+00 4.32917282e-01
0 0 8.00000000e+00 4.50000000e+00 4.21074893e-01
0 0 8.00000000e+00 4.40000000e+00 4.09107572e-01
0 0 8.00000000e+00 4.30000000e+00 3.97021648e-01
0 0 8.00000000e+00 4.20000000e+00 3.84816958e-01
0 0 8.00000000e+00 4.10000000e+00 3.72500123e-01
0 0 8.00000000e+00 4.00000000e+00 3.60082632e-01
0 0 8.00000000e+00 3.90000000e+00 3.47573791e-01
0 0 8.00000000e+00 3.80000000e+00 3.34985896e-01
0 0 8.00000000e+00 3.70000000e+00 3.22335646e-01
0 0 8.00000000e+00 3.60000000e+00 3.09638259e-01
0 0 8.00000000e+00 3.50000000e+00 2.96905966e-01
0 0 8.00000000e+00 3.40000000e+00 2.84145803e-01
0 0 8.00000000e+00 3.30000000e+00 2.71372129e-01
0 0 8.00000000e+00 3.20000000e+00 2.58614616e-01
0 0 8.00000000e+00 3.10000000e+00 2.45899848e-01
0 0 8.00000000e+00 3.00000000e+00 2.33244807e-01
0 0 8.00000000e+00 2.90000000e+00 2.20673040e-01
0 0 8.00000000e+00 2.80000000e+00 2.08209011e-01
0 0 8.00000000e+00 2.70000000e+00 1.95872931e-01
0 0 8.00000000e+00 2.60000000e+00 1.83690822e-01
0 0 8.00000000e+00 2.50000000e+00 1.71701080e-01
0 0 8.00000000e+00 2.40000000e+00 1.59944173e-01
0 0 8.00000000e+00 2.30000000e+00 1.48461495e-01
0 0 8.00000000e+00 2.20000000e+00 1.37289720e-01
0 0 8.00000000e+00 2.10000000e+00 1.26464253e-01
0 0 8.00000000e+00 2.00000000e+00 1.16021019e-01
0 0 8.00000000e+00 1.90000000e+00 1.05997887e-01
0 0 8.00000000e+00 1.80000000e+00 9.64404336e-02
0 0 8.00000000e+00 1.70000000e+00 8.73884496e-02
0 0 8.00000000e+00 1.60000000e+00 7.88801819e-02
0 0 8.00000000e+00 1.50000000e+00 7.09570910e-02
0 0 8.00000000e+00 1.40000000e+00 6.36500248e-02
0 0 8.00000000e+00 1.30000000e+00 5.69818912e-02
0 0 8.00000000e+00 1.20000000e+00 5.09882725e-02
0 0 8.00000000e+00 1.10000000e+00 4.56963644e-02
0 0 8.00000000e+00 1.00000000e+00 4.11043537e-02
0 0 8.00000000e+00 9.00000000e-01 3.72087544e-02
0 0 8.00000000e+00 8.00000000e-01 3.40163581e-02
0 0 8.00000000e+00 7.00000000e-01 3.15071314e-02
0 0 8.00000000e+00 6.00000000e-01 2.96482903e-02
0 0 8.00000000e+00 5.00000000e-01 2.84195418e-02
0 0 8.00000000e+00 4.00000000e-01 2.77593892e-02
0 0 8.00000000e+00 3.00000000e-01 2.75087450e-02
0 0 8.00000000e+00 2.00000000e-01 2.74167464e-02
0 0 8.00000000e+00 1.00000000e-01 2.73383414e-02
0 1 9.00000000e+00 1.00000000e+01 9.10017792e-01
0 1 9.00000000e+00 9.90000000e+00 9.07193837e-01
0 1 9.00000000e+00 9.80000000e+00 9.03010905e-01
0 1 9.00000000e+00 9.70000000e+00 8.98475733e-01
0 1 9.00000000e+00 9.60000000e+00 8.93812806e-01
0 1 9.00000000e+00 9.50000000e+00 8.89035267e-01
0 1 9.00000000e+00 9.40000000e+00 8.84141098e-01
0 1 9.00000000e+00 9.30000000e+00 8.79128705e-01
0 1 9.00000000e+00 9.20000000e+00 8.73996564e-01
0 1 9.00000000e+00 9.10000000e+00 8.68742207e-01
0 1 9.00000000e+00 9.00000000e+00 8.63364061e-01
0 1 9.00000000e+00 8.90000000e+00 8.57858800e-01
0 1 9.00000000e+00 8.80000000e+00 8.52219759e-01
0 1 9.00000000e+00 8.70000000e+00 8.46445869e-01
0 1 9.00000000e+00 8.60000000e+00 8.40544838e-01
0 1 9.00000000e+00 8.50000000e+00 8.34517612e-01
0 1 9.00000000e+00 8.40000000e+00 8.28357383e-01
0 1 9.00000000e+00 8.30000000e+00 8.22059655e-01
0 1 9.00000000e+00 8.20000000e+00 8.15618961e-01
0 1 9.00000000e+00 8.10000000e+00 8.09029176e-01
0 1 9.00000000e+00 8.00000000e+00 8.02290692e-01
0 1 9.00000000e+00 7.90000000e+00 7.95405899e-01
0 1 9.00000000e+00 7.80000000e+00 7.88371317e-01
0 1 9.00000000e+00 7.70000000e+00 7.81181567e-01
0 1 9.00000000e+00 7.60000000e+00 7.73829418e-01
0 1 9.00000000e+00 7.50000000e+00 7.66313404e-01
0 1 9.00000000e+00 7.40000000e+00 7.58637808e-01
0 1 9.00000000e+00 7.30000000e+00 7.50801266e-01
0 1 9.00000000e+00 7.20000000e+00 7.42798828e-01
0 1 9.00000000e+00 7.10000000e+00 7.34626575e-01
0 1 9.00000000e+00 7.00000000e+00 7.26280745e-01
0 1 9.00000000e+00 6.90000000e+00 7.17756698e-01
0 1 9.00000000e+00 6.80000000e+00 7.09053286e-01
0 1 9.00000000e+00 6.70000000e+00 7.00173261e-01
0 1 9.00000000e+00 6.60000000e+00 6.91114349e-01
0 1 9.00000000e+00 6.50000000e+00 6.81873225e-01
0 1 9.00000000e+00 6.40000000e+00 6.72450648e-01
0 1 9.00000000e+00 6.30000000e+00 6.62844189e-01
0 1 9.00000000e+00 6.20000000e+00 6.53049148e-01
0 1 9.00000000e+00 6.10000000e+00 6.43064758e-01
0 1 9.00000000e+00 6.00000000e+00 6.32892584e-01
0 1 9.00000000e+00 5.90000000e+00 6.22532824e-01
0 1 9.00000000e+00 5.80000000e+00 6.11988429e-01
0 1 9.00000000e+00 5.70000000e+00 6.01259415e-01
0 1 9.00000000e+00 5.60000000e+00 5.90343639e-01
0 1 9.00000000e+00 5.50000000e+00 5.79243180e-01
0 1 9.00000000e+00 5.40000000e+00 5.67962661e-01
0 1 9.00000000e+00 5.30000000e+00 5.56500070e-01
0 1 9.00000000e+00 5.20000000e+00 5.44849634e-01
0 1 9.00000000e+00 5.10000000e+00 5.33013331e-01
0 1 9.00000000e+00 5.00000000e+00 5.20994736e-01
0 1 9.00000000e+00 4.90000000e+00 5.08792410e-01
0 1 9.00000000e+00 4.80000000e+00 4.96414207e-01
0 1 9.00000000e+00 4.70000000e+00 4.83871835e-01
0 1 9.00000000e+00 4.60000000e+00 4.71163290e-01
0 1 9.00000000e+00 4.50000000e+00 4.58287204e-01
0 1 9.00000000e+00 4.40000000e+00 4.45246825e-01
0 1 9.00000000e+00 4.30000000e+00 4.32047592e-01
0 1 9.00000000e+00 4.20000000e+00 4.18706608e-01
0 1 9.00000000e+00 4.10000000e+00 4.05245968e-01
0 1 9.00000000e+00 4.00000000e+00 3.91673071e-01
0 1 9.00000000e+00 3.90000000e+00 3.77993275e-01
0 1 9.00000000e+00 3.80000000e+00 3.64220710e-01
0 1 9.00000000e+00 3.70000000e+00 3.50370928e-01
0 1 9.00000000e+00 3.60000000e+00 3.36455372e-01
0 1 9.00000000e+00 3.50000000e+00 3.22485063e-01
0 1 9.00000000e+00 3.40000000e+00 3.08478425e-01
0 1 9.00000000e+00 3.30000000e+00 2.94456035e-01
0 1 9.00000000e+00 3.20000000e+00 2.80443084e-01
0 1 9.00000000e+00 3.10000000e+00 2.66467243e-01
0 1 9.00000000e+00 3.00000000e+00 2.52551089e-01
0 1 9.00000000e+00 2.90000000e+00 2.38725900e-01
0 1 9.00000000e+00 2.80000000e+00 2.25029883e-01
0 1 9.00000000e+00 2.70000000e+00 2.11491338e-01
0 1 9.00000000e+00 2.60000000e+00 1.98139960e-01
0 1 9.00000000e+00 2.50000000e+00 1.85020099e-01
0 1 9.00000000e+00 2.40000000e+00 1.72182581e-01
0 1 9.00000000e+00 2.30000000e+00 1.59671837e-01
0 1 9.00000000e+00 2.20000000e+00 1.47522796e-01
0 1 9.00000000e+00 2.10000000e+00 1.35773452e-01
0 1 9.00000000e+00 2.00000000e+00 1.24471660e-01
0 1 9.00000000e+00 1.90000000e+00 1.13665520e-01
0 1 9.00000000e+00 1.80000000e+00 1.03398539e-01
0 1 9.00000000e+00 1.70000000e+00 9.37188354e-02
0 1 9.00000000e+00 1.60000000e+00 8.46763498e-02
0 1 9.00000000e+00 1.50000000e+00 7.63189130e-02
0 1 9.00000000e+00 1.40000000e+00 6.86913949e-02
0 1 9.00000000e+00 1.30000000e+00 6.18350000e-02
0 1 9.00000000e+00 1.20000000e+00 5.57895728e-02
0 1 9.00000000e+00 1.10000000e+00 5.05922034e-02
0 1 9.00000000e+00 1.00000000e+00 4.62836874e-02
0 1 9.00000000e+00 9.00000000e-01 4.29068170e-02
0 1 9.00000000e+00 8.00000000e-01 4.05194321e-02
0 1 9.00000000e+00 7.00000000e-01 3.92086284e-02
0 1 9.00000000e+00 6.00000000e-01 3.91334956e-02
0 1 9.00000000e+00 5.00000000e-01 4.06271654e-02
0 1 9.00000000e+00 4.00000000e-01 4.44397574e-02
0 1 9.00000000e+00 3.00000000e-01 5.22736311e-02
0 1 9.00000000e+00 2.00000000e-01 6.57790330e-02
0 1 9.00000000e+00 1.00000000e-01 7.91167808e-02
0 2 1.00000000e+01 1.00000000e+01 8.47099412e-01
0 2 1.00000000e+01 9.90000000e+00 8.44147359e-01
0 2 1.00000000e+01 9.80000000e+00 8.39787282e-01
0 2 1.00000000e+01 9.70000000e+00 8.35078781e-01
0 2 1.00000000e+01 9.60000000e+00 8.30255586e-01
0 2 1.00000000e+01 9.50000000e+00 8.25330591e-01
0 2 1.00000000e+01 9.40000000e+00 8.20301699e-01
0 2 1.00000000e+01 9.30000000e+00 8.15164638e-01
0 2 1.00000000e+01 9.20000000e+00 8.09919373e-01
0 2 1.00000000e+01 9.10000000e+00 8.04572470e-01
0 2 1.00000000e+01 9.00000000e+00 7.99123067e-01
0 2 1.00000000e+01 8.90000000e+00 7.93564534e-01
0 2 1.00000000e+01 8.80000000e+00 7.87889023e-01
0 2 1.00000000e+01 8.70000000e+00 7.82090264e-01
0 2 1.00000000e+01 8.60000000e+00 7.76167801e-01
0 2 1.00000000e+01 8.50000000e+00 7.70123584e-01
0 2 1.00000000e+01 8.40000000e+00 7.63957879e-01
0 2 1.00000000e+01 8.30000000e+00 7.57676416e-01
0 2 1.00000000e+01 8.20000000e+00 7.51287103e-01
0 2 1.00000000e+01 8.10000000e+00 7.44784804e-01
0 2 1.00000000e+01 8.00000000e+00 7.38156059e-01
0 2 1.00000000e+01 7.90000000e+00 7.31395830e-01
0 2 1.00000000e+01 7.80000000e+00 7.24505504e-01
0 2 1.00000000e+01 7.70000000e+00 7.17488637e-01
0 2 1.00000000e+01 7.60000000e+00 7.10343894e-01
0 2 1.00000000e+01 7.50000000e+00 7.03072765e-01
0 2 1.00000000e+01 7.40000000e+00 6.95680976e-01
0 2 1.00000000e+01 7.30000000e+00 6.88167733e-01
0 2 1.00000000e+01 7.20000000e+00 6.80526344e-01
0 2 1.00000000e+01 7.10000000e+00 6.72751742e-01
0 2 1.00000000e+01 7.00000000e+00 6.64836970e-01
0 2 1.00000000e+01 6.90000000e+00 6.56776508e-01
0 2 1.00000000e+01 6.80000000e+00 6.48568815e-01
0 2 1.00000000e+01 6.70000000e+00 6.40216039e-01
0 2 1.00000000e+01 6.60000000e+00 6.31719177e-01
0 2 1.00000000e+01 6.50000000e+00 6.23077569e-01
0 2 1.00000000e+01 6.40000000e+00 6.14292977e-01
0 2 1.00000000e+01 6.30000000e+00 6.05361216e-01
0 2 1.00000000e+01 6.20000000e+00 5.96271830e-01
0 2 1.00000000e+01 6.10000000e+00 5.87024238e-01
0 2 1.00000000e+01 6.00000000e+00 5.77626273e-01
0 2 1.00000000e+01 5.90000000e+00 5.68080520e-01
0 2 1.00000000e+01 5.80000000e+00 5.58384760e-01
0 2 1.00000000e+01 5.70000000e+00 5.48540597e-01
0 2 1.00000000e+01 5.60000000e+00 5.38550293e-01
0 2 1.00000000e+01 5.50000000e+00 5.28410742e-01
0 2 1.00000000e+01 5.40000000e+00 5.18119768e-01
0 2 1.00000000e+01 5.30000000e+00 5.07676668e-01
0 2 1.00000000e+01 5.20000000e+00 4.97082188e-01
0 2 1.00000000e+01 5.10000000e+00 4.86333753e-01
0 2 1.00000000e+01 5.00000000e+00 4.75434802e-01
0 2 1.00000000e+01 4.90000000e+00 4.64395989e-01
0 2 1.00000000e+01 4.80000000e+00 4.53229148e-01
0 2 1.00000000e+01 4.70000000e+00 4.41930872e-01
0 2 1.00000000e+01 4.60000000e+00 4.30492442e-01
0 2 1.00000000e+01 4.50000000e+00 4.18925123e-01
0 2 1.00000000e+01 4.40000000e+00 4.07243432e-01
0 2 1.00000000e+01 4.30000000e+00 3.95454703e-01
0 2 1.00000000e+01 4.20000000e+00 3.83561378e-01
0 2 1.00000000e+01 4.10000000e+00 3.71568790e-01
0 2 1.00000000e+01 4.00000000e+00 3.59483195e-01
0 2 1.00000000e+01 3.90000000e+00 3.47318321e-01
0 2 1.00000000e+01 3.80000000e+00 3.35087267e-01
0 2 1.00000000e+01 3.70000000e+00 3.22799892e-01
0 2 1.00000000e+01 3.60000000e+00 3.10474518e-01
0 2 1.00000000e+01 3.50000000e+00 2.98137487e-01
0 2 1.00000000e+01 3.40000000e+00 2.85803198e-01
0 2 1.00000000e+01 3.30000000e+00 2.73482313e-01
0 2 1.00000000e+01 3.20000000e+00 2.61197260e-01
0 2 1.00000000e+01 3.10000000e+00 2.48976274e-01
0 2 1.00000000e+01 3.00000000e+00 2.36843892e-01
0 2 1.00000000e+01 2.90000000e+00 2.24822714e-01
0 2 1.00000000e+01 2.80000000e+00 2.12940934e-01
0 2 1.00000000e+01 2.70000000e+00 2.01233426e-01
0 2 1.00000000e+01 2.60000000e+00 1.89730873e-01
0 2 1.00000000e+01 2.50000000e+00 1.78459670e-01
0 2 1.00000000e+01 2.40000000e+00 1.67450896e-01
0 2 1.00000000e+01 2.30000000e+00 1.56739791e-01
0 2 1.00000000e+01 2.20000000e+00 1.46361943e-01
0 2 1.00000000e+01 2.10000000e+00 1.36350320e-01
0 2 1.00000000e+01 2.00000000e+00 1.26733901e-01
0 2 1.00000000e+01 1.90000000e+00 1.17546117e-01
0 2 1.00000000e+01 1.80000000e+00 1.08824674e-01
0 2 1.00000000e+01 1.70000000e+00 1.00597056e-01
0 2 1.00000000e+01 1.60000000e+00 9.28836551e-02
0 2 1.00000000e+01 1.50000000e+00 8.57085451e-02
0 2 1.00000000e+01 1.40000000e+00 7.91031283e-02
0 2 1.00000000e+01 1.30000000e+00 7.30925478e-02
0 2 1.00000000e+01 1.20000000e+00 6.77022327e-02
0 2 1.00000000e+01 1.10000000e+00 6.29680017e-02
0 2 1.00000000e+01 1.00000000e+00 5.89427691e-02
0 2 1.00000000e+01 9.00000000e-01 5.56942581e-02
0 2 1.00000000e+01 8.00000000e-01 5.33220316e-02
0 2 1.00000000e+01 7.00000000e-01 5.20021250e-02
0 2 1.00000000e+01 6.00000000e-01 5.20539446e-02
0 2 1.00000000e+01 5.00000000e-01 5.41094793e-02
0 2 1.00000000e+01 4.00000000e-01 5.96103176e-02
0 2 1.00000000e+01 3.00000000e-01 7.19999490e-02
0 2 1.00000000e+01 2.00000000e-01 9.51345348e-02
0 2 1.00000000e+01 1.00000000e-01 1.18947000e-01
0 3 1.10000000e+01 1.00000000e+01 9.67141308e-01
0 3 1.10000000e+01 9.90000000e+00 9.65703208e-01
0 3 1.10000000e+01 9.80000000e+00 9.63555139e-01
0 3 1.10000000e+01 9.70000000e+00 9.61206821e-01
0 3 1.10000000e+01 9.60000000e+00 9.58773768e-01
0 3 1.10000000e+01 9.50000000e+00 9.56268430e-01
0 3 1.10000000e+01 9.40000000e+00 9.53683711e-01
0 3 1.10000000e+01 9.30000000e+00 9.50998375e-01
0 3 1.10000000e+01 9.20000000e+00 9.48199276e-01
0 3 1.10000000e+01 9.10000000e+00 9.45295379e-01
0 3 1.10000000e+01 9.00000000e+00 9.42295319e-01
0 3 1.10000000e+01 8.90000000e+00 9.39201661e-01
0 3 1.10000000e+01 8.80000000e+00 9.36020030e-01
0 3 1.10000000e+01 8.70000000e+00 9.32744429e-01
0 3 1.10000000e+01 8.60000000e+00 9.29359608e-01
0 3 1.10000000e+01 8.50000000e+00 9.25849695e-01
0 3 1.10000000e+01 8.40000000e+00 9.22202793e-01
0 3 1.10000000e+01 8.30000000e+00 9.18419106e-01
0 3 1.10000000e+01 8.20000000e+00 9.14509454e-01
0 3 1.10000000e+01 8.10000000e+00 9.10487719e-01
0 3 1.10000000e+01 8.00000000e+00 9.06348511e-01
0 3 1.10000000e+01 7.90000000e+00 9.02083254e-01
0 3 1.10000000e+01 7.80000000e+00 8.97704859e-01
0 3 1.10000000e+01 7.70000000e+00 8.93227554e-01
0 3 1.10000000e+01 7.60000000e+00 8.88648723e-01
0 3 1.10000000e+01 7.50000000e+00 8.83960943e-01
0 3 1.10000000e+01 7.40000000e+00 8.79158002e-01
0 3 1.10000000e+01 7.30000000e+00 8.74237253e-01
0 3 1.10000000e+01 7.20000000e+00 8.69180262e-01
0 3 1.10000000e+01 7.10000000e+00 8.63951291e-01
0 3 1.10000000e+01 7.00000000e+00 8.58512022e-01
0 3 1.10000000e+01 6.90000000e+00 8.52856213e-01
0 3 1.10000000e+01 6.80000000e+00 8.47007150e-01
0 3 1.10000000e+01 6.70000000e+00 8.40973788e-01
0 3 1.10000000e+01 6.60000000e+00 8.34749044e-01
0 3 1.10000000e+01 6.50000000e+00 8.28326319e-01
0 3 1.10000000e+01 6.40000000e+00 8.21698704e-01
0 3 1.10000000e+01 6.30000000e+00 8.14865396e-01
0 3 1.10000000e+01 6.20000000e+00 8.07836754e-01
0 3 1.10000000e+01 6.10000000e+00 8.00617858e-01
0 3 1.10000000e+01 6.00000000e+00 7.93226203e-01
0 3 1.10000000e+01 5.90000000e+00 7.85659237e-01
0 3 1.10000000e+01 5.80000000e+00 7.77883662e-01
0 3 1.10000000e+01 5.70000000e+00 7.69870971e-01
0 3 1.10000000e+01 5.60000000e+00 7.61595069e-01
0 3 1.10000000e+01 5.50000000e+00 7.53033497e-01
0 3 1.10000000e+01 5.40000000e+00 7.44197698e-01
0 3 1.10000000e+01 5.30000000e+00 7.35114923e-01
0 3 1.10000000e+01 5.20000000e+00 7.25799325e-01
0 3 1.10000000e+01 5.10000000e+00 7.16268644e-01
0 3 1.10000000e+01 5.00000000e+00 7.06519635e-01
0 3 1.10000000e+01 4.90000000e+00 6.96537038e-01
0 3 1.10000000e+01 4.80000000e+00 6.86307294e-01
0 3 1.10000000e+01 4.70000000e+00 6.75820647e-01
0 3 1.10000000e+01 4.60000000e+00 6.65082682e-01
0 3 1.10000000e+01 4.50000000e+00 6.54100038e-01
0 3 1.10000000e+01 4.40000000e+00 6.42870547e-01
0 3 1.10000000e+01 4.30000000e+00 6.31387154e-01
0 3 1.10000000e+01 4.20000000e+00 6.19646659e-01
0 3 1.10000000e+01 4.10000000e+00 6.07659244e-01
0 3 1.10000000e+01 4.00000000e+00 5.95436907e-01
0 3 1.10000000e+01 3.90000000e+00 5.82977504e-01
0 3 1.10000000e+01 3.80000000e+00 5.70294591e-01
0 3 1.10000000e+01 3.70000000e+00 5.57415353e-01
0 3 1.10000000e+01 3.60000000e+00 5.44355527e-01
0 3 1.10000000e+01 3.50000000e+00 5.31129293e-01
0 3 1.10000000e+01 3.40000000e+00 5.17742753e-01
0 3 1.10000000e+01 3.30000000e+00 5.04187877e-01
0 3 1.10000000e+01 3.20000000e+00 4.90476890e-01
0 3 1.10000000e+01 3.10000000e+00 4.76641831e-01
0 3 1.10000000e+01 3.00000000e+00 4.62710159e-01
0 3 1.10000000e+01 2.90000000e+00 4.48701629e-01
0 3 1.10000000e+01 2.80000000e+00 4.34635745e-01
0 3 1.10000000e+01 2.70000000e+00 4.20540434e-01
0 3 1.10000000e+01 2.60000000e+00 4.06460651e-01
0 3 1.10000000e+01 2.50000000e+00 3.92453816e-01
0 3 1.10000000e+01 2.40000000e+00 3.78569325e-01
0 3 1.10000000e+01 2.30000000e+00 3.64842703e-01
0 3 1.10000000e+01 2.20000000e+00 3.51316746e-01
0 3 1.10000000e+01 2.10000000e+00 3.38045519e-01
0 3 1.10000000e+01 2.00000000e+00 3.25082184e-01
0 3 1.10000000e+01 1.90000000e+00 3.12468134e-01
0 3 1.10000000e+01 1.80000000e+00 3.00246227e-01
0 3 1.10000000e+01 1.70000000e+00 2.88474803e-01
0 3 1.10000000e+01 1.60000000e+00 2.77223404e-01
0 3 1.10000000e+01 1.50000000e+00 2.66555767e-01
0 3 1.10000000e+01 1.40000000e+00 2.56556418e-01
0 3 1.10000000e+01 1.30000000e+00 2.47344163e-01
0 3 1.10000000e+01 1.20000000e+00 2.39063826e-01
0 3 1.10000000e+01 1.10000000e+00 2.31898352e-01
0 3 1.10000000e+01 1.00000000e+00 2.26113220e-01
0 3 1.10000000e+01 9.00000000e-01 2.22101089e-01
0 3 1.10000000e+01 8.00000000e-01 2.20453225e-01
0 3 1.10000000e+01 7.00000000e-01 2.22134810e-01
0 3 1.10000000e+01 6.00000000e-01 2.28801751e-01
0 3 1.10000000e+01 5.00000000e-01 2.43463612e-01
0 3 1.10000000e+01 4.00000000e-01 2.72397720e-01
0 3 1.10000000e+01 3.00000000e-01 3.29398679e-01
0 3 1.10000000e+01 2.00000000e-01 4.28766555e-01
0 3 1.10000000e+01 1.00000000e-01 5.28236416e-01
0 4 1.20000000e+01 1.00000000e+01 1.00658881e+00
0 4 1.20000000e+01 9.90000000e+00 1.00630101e+00
0 4 1.20000000e+01 9.80000000e+00 1.00587252e+00
0 4 1.20000000e+01 9.70000000e+00 1.00542436e+00
0 4 1.20000000e+01 9.60000000e+00 1.00498839e+00
0 4 1.20000000e+01 9.50000000e+00 1.00454293e+00
0 4 1.20000000e+01 9.40000000e+00 1.00405768e+00
0 4 1.20000000e+01 9.30000000e+00 1.00351317e+00
0 4 1.20000000e+01 9.20000000e+00 1.00288880e+00
0 4 1.20000000e+01 9.10000000e+00 1.00219341e+00
0 4 1.20000000e+01 9.00000000e+00 1.00144535e+00
0 4 1.20000000e+01 8.90000000e+00 1.00064363e+00
0 4 1.20000000e+01 8.80000000e+00 9.99802208e-01
0 4 1.20000000e+01 8.70000000e+00 9.98974465e-01
0 4 1.20000000e+01 8.60000000e+00 9.98183830e-01
0 4 1.20000000e+01 8.50000000e+00 9.97395135e-01
0 4 1.20000000e+01 8.40000000e+00 9.96580857e-01
0 4 1.20000000e+01 8.30000000e+00 9.95712705e-01
0 4 1.20000000e+01 8.20000000e+00 9.94717256e-01
0 4 1.20000000e+01 8.10000000e+00 9.93568067e-01
0 4 1.20000000e+01 8.00000000e+00 9.92327455e-01
0 4 1.20000000e+01 7.90000000e+00 9.91050591e-01
0 4 1.20000000e+01 7.80000000e+00 9.89737782e-01
0 4 1.20000000e+01 7.70000000e+00 9.88364997e-01
0 4 1.20000000e+01 7.60000000e+00 9.86892295e-01
0 4 1.20000000e+01 7.50000000e+00 9.85313650e-01
0 4 1.20000000e+01 7.40000000e+00 9.83665172e-01
0 4 1.20000000e+01 7.30000000e+00 9.81979789e-01
0 4 1.20000000e+01 7.20000000e+00 9.80255902e-01
0 4 1.20000000e+01 7.10000000e+00 9.78450642e-01
0 4 1.20000000e+01 7.00000000e+00 9.76526470e-01
0 4 1.20000000e+01 6.90000000e+00 9.74475690e-01
0 4 1.20000000e+01 6.80000000e+00 9.72294513e-01
0 4 1.20000000e+01 6.70000000e+00 9.69994758e-01
0 4 1.20000000e+01 6.60000000e+00 9.67608880e-01
0 4 1.20000000e+01 6.50000000e+00 9.65136071e-01
0 4 1.20000000e+01 6.40000000e+00 9.62555162e-01
0 4 1.20000000e+01 6.30000000e+00 9.59823472e-01
0 4 1.20000000e+01 6.20000000e+00 9.56911519e-01
0 4 1.20000000e+01 6.10000000e+00 9.53839381e-01
0 4 1.20000000e+01 6.00000000e+00 9.50613875e-01
0 4 1.20000000e+01 5.90000000e+00 9.47241690e-01
0 4 1.20000000e+01 5.80000000e+00 9.43692239e-01
0 4 1.20000000e+01 5.70000000e+00 9.39898462e-01
0 4 1.20000000e+01 5.60000000e+00 9.35862810e-01
0 4 1.20000000e+01 5.50000000e+00 9.31674815e-01
0 4 1.20000000e+01 5.40000000e+00 9.27367856e-01
0 4 1.20000000e+01 5.30000000e+00 9.22894036e-01
0 4 1.20000000e+01 5.20000000e+00 9.18208459e-01
0 4 1.20000000e+01 5.10000000e+00 9.13328459e-01
0 4 1.20000000e+01 5.00000000e+00 9.08249823e-01
0 4 1.20000000e+01 4.90000000e+00 9.02925106e-01
0 4 1.20000000e+01 4.80000000e+00 8.97330575e-01
0 4 1.20000000e+01 4.70000000e+00 8.91469146e-01
0 4 1.20000000e+01 4.60000000e+00 8.85354068e-01
0 4 1.20000000e+01 4.50000000e+00 8.78979211e-01
0 4 1.20000000e+01 4.40000000e+00 8.72312618e-01
0 4 1.20000000e+01 4.30000000e+00 8.65321814e-01
0 4 1.20000000e+01 4.20000000e+00 8.57989009e-01
0 4 1.20000000e+01 4.10000000e+00 8.50331223e-01
0 4 1.20000000e+01 4.00000000e+00 8.42380147e-01
0 4 1.20000000e+01 3.90000000e+00 8.34131110e-01
0 4 1.20000000e+01 3.80000000e+00 8.25576174e-01
0 4 1.20000000e+01 3.70000000e+00 8.16756071e-01
0 4 1.20000000e+01 3.60000000e+00 8.07708798e-01
0 4 1.20000000e+01 3.50000000e+00 7.98396887e-01
0 4 1.20000000e+01 3.40000000e+00 7.88752435e-01
0 4 1.20000000e+01 3.30000000e+00 7.78728694e-01
0 4 1.20000000e+01 3.20000000e+00 7.68283834e-01
0 4 1.20000000e+01 3.10000000e+00 7.57409157e-01
0 4 1.20000000e+01 3.00000000e+00 7.46122766e-01
0 4 1.20000000e+01 2.90000000e+00 7.34428058e-01
0 4 1.20000000e+01 2.80000000e+00 7.22302345e-01
0 4 1.20000000e+01 2.70000000e+00 7.09723367e-01
0 4 1.20000000e+01 2.60000000e+00 6.96687167e-01
0 4 1.20000000e+01 2.50000000e+00 6.83227455e-01
0 4 1.20000000e+01 2.40000000e+00 6.69398732e-01
0 4 1.20000000e+01 2.30000000e+00 6.55202916e-01
0 4 1.20000000e+01 2.20000000e+00 6.40618844e-01
0 4 1.20000000e+01 2.10000000e+00 6.25646446e-01
0 4 1.20000000e+01 2.00000000e+00 6.10255759e-01
0 4 1.20000000e+01 1.90000000e+00 5.94378908e-01
0 4 1.20000000e+01 1.80000000e+00 5.77969807e-01
0 4 1.20000000e+01 1.70000000e+00 5.61021985e-01
0 4 1.20000000e+01 1.60000000e+00 5.43582732e-01
0 4 1.20000000e+01 1.50000000e+00 5.25752444e-01
0 4 1.20000000e+01 1.40000000e+00 5.07636252e-01
0 4 1.20000000e+01 1.30000000e+00 4.89348142e-01
0 4 1.20000000e+01 1.20000000e+00 4.71052176e-01
0 4 1.20000000e+01 1.10000000e+00 4.52993975e-01
0 4 1.20000000e+01 1.00000000e+00 4.35582819e-01
0 4 1.20000000e+01 9.00000000e-01 4.19506236e-01
0 4 1.20000000e+01 8.00000000e-01 4.05764262e-01
0 4 1.20000000e+01 7.00000000e-01 3.95825905e-01
0 4 1.20000000e+01 6.00000000e-01 3.92324037e-01
0 4 1.20000000e+01 5.00000000e-01 4.00489397e-01
0 4 1.20000000e+01 4.00000000e-01 4.31565956e-01
0 4 1.20000000e+01 3.00000000e-01 5.11565539e-01
0 4 1.20000000e+01 2.00000000e-01 6.71218707e-01
0 4 1.20000000e+01 1.00000000e-01 8.40186147e-01
0 5 1.30000000e+01 1.00000000e+01 1.01040660e+00
0 5 1.30000000e+01 9.90000000e+00 1.01018081e+00
0 5 1.30000000e+01 9.80000000e+00 1.00987668e+00
0 5 1.30000000e+01 9.70000000e+00 1.00961431e+00
0 5 1.30000000e+01 9.60000000e+00 1.00943308e+00
0 5 1.30000000e+01 9.50000000e+00 1.00937305e+00
0 5 1.30000000e+01 9.40000000e+00 1.00942703e+00
0 5 1.30000000e+01 9.30000000e+00 1.00951686e+00
0 5 1.30000000e+01 9.20000000e+00 1.00954827e+00
0 5 1.30000000e+01 9.10000000e+00 1.00943619e+00
0 5 1.30000000e+01 9.00000000e+00 1.00920025e+00
0 5 1.30000000e+01 8.90000000e+00 1.00893574e+00
0 5 1.30000000e+01 8.80000000e+00 1.00871653e+00
0 5 1.30000000e+01 8.70000000e+00 1.00854499e+00
0 5 1.30000000e+01 8.60000000e+00 1.00837402e+00
0 5 1.30000000e+01 8.50000000e+00 1.00816318e+00
0 5 1.30000000e+01 8.40000000e+00 1.00791009e+00
0 5 1.30000000e+01 8.30000000e+00 1.00765570e+00
0 5 1.30000000e+01 8.20000000e+00 1.00747050e+00
0 5 1.30000000e+01 8.10000000e+00 1.00734517e+00
0 5 1.30000000e+01 8.00000000e+00 1.00721746e+00
0 5 1.30000000e+01 7.90000000e+00 1.00706852e+00
0 5 1.30000000e+01 7.80000000e+00 1.00692947e+00
0 5 1.30000000e+01 7.70000000e+00 1.00683712e+00
0 5 1.30000000e+01 7.60000000e+00 1.00683354e+00
0 5 1.30000000e+01 7.50000000e+00 1.00693303e+00
0 5 1.30000000e+01 7.40000000e+00 1.00704889e+00
0 5 1.30000000e+01 7.30000000e+00 1.00704079e+00
0 5 1.30000000e+01 7.20000000e+00 1.00685402e+00
0 5 1.30000000e+01 7.10000000e+00 1.00655961e+00
0 5 1.30000000e+01 7.00000000e+00 1.00626615e+00
0 5 1.30000000e+01 6.90000000e+00 1.00598754e+00
0 5 1.30000000e+01 6.80000000e+00 1.00563109e+00
0 5 1.30000000e+01 6.70000000e+00 1.00518620e+00
0 5 1.30000000e+01 6.60000000e+00 1.00473365e+00
0 5 1.30000000e+01 6.50000000e+00 1.00429263e+00
0 5 1.30000000e+01 6.40000000e+00 1.00383275e+00
0 5 1.30000000e+01 6.30000000e+00 1.00342629e+00
0 5 1.30000000e+01 6.20000000e+00 1.00318977e+00
0 5 1.30000000e+01 6.10000000e+00 1.00307708e+00
0 5 1.30000000e+01 6.00000000e+00 1.00291083e+00
0 5 1.30000000e+01 5.90000000e+00 1.00252462e+00
0 5 1.30000000e+01 5.80000000e+00 1.00187334e+00
0 5 1.30000000e+01 5.70000000e+00 1.00106263e+00
0 5 1.30000000e+01 5.60000000e+00 1.00022734e+00
0 5 1.30000000e+01 5.50000000e+00 9.99423437e-01
0 5 1.30000000e+01 5.40000000e+00 9.98581100e-01
0 5 1.30000000e+01 5.30000000e+00 9.97630946e-01
0 5 1.30000000e+01 5.20000000e+00 9.96620698e-01
0 5 1.30000000e+01 5.10000000e+00 9.95624489e-01
0 5 1.30000000e+01 5.00000000e+00 9.94658300e-01
0 5 1.30000000e+01 4.90000000e+00 9.93668760e-01
0 5 1.30000000e+01 4.80000000e+00 9.92618650e-01
0 5 1.30000000e+01 4.70000000e+00 9.91469286e-01
0 5 1.30000000e+01 4.60000000e+00 9.90163394e-01
0 5 1.30000000e+01 4.50000000e+00 9.88671375e-01
0 5 1.30000000e+01 4.40000000e+00 9.87038297e-01
0 5 1.30000000e+01 4.30000000e+00 9.85337827e-01
0 5 1.30000000e+01 4.20000000e+00 9.83577868e-01
0 5 1.30000000e+01 4.10000000e+00 9.81723829e-01
0 5 1.30000000e+01 4.00000000e+00 9.79765914e-01
0 5 1.30000000e+01 3.90000000e+00 9.77752240e-01
0 5 1.30000000e+01 3.80000000e+00 9.75753051e-01
0 5 1.30000000e+01 3.70000000e+00 9.73793370e-01
0 5 1.30000000e+01 3.60000000e+00 9.71772881e-01
0 5 1.30000000e+01 3.50000000e+00 9.69479963e-01
0 5 1.30000000e+01 3.40000000e+00 9.66785873e-01
0 5 1.30000000e+01 3.30000000e+00 9.63719047e-01
0 5 1.30000000e+01 3.20000000e+00 9.60306021e-01
0 5 1.30000000e+01 3.10000000e+00 9.56553819e-01
0 5 1.30000000e+01 3.00000000e+00 9.52551931e-01
0 5 1.30000000e+01 2.90000000e+00 9.48425092e-01
0 5 1.30000000e+01 2.80000000e+00 9.44245739e-01
0 5 1.30000000e+01 2.70000000e+00 9.40021085e-01
0 5 1.30000000e+01 2.60000000e+00 9.35773973e-01
0 5 1.30000000e+01 2.50000000e+00 9.31520357e-01
0 5 1.30000000e+01 2.40000000e+00 9.27164440e-01
0 5 1.30000000e+01 2.30000000e+00 9.22640567e-01
0 5 1.30000000e+01 2.20000000e+00 9.17988100e-01
0 5 1.30000000e+01 2.10000000e+00 9.13156871e-01
0 5 1.30000000e+01 2.00000000e+00 9.07942806e-01
0 5 1.30000000e+01 1.90000000e+00 9.02125913e-01
0 5 1.30000000e+01 1.80000000e+00 8.95501628e-01
0 5 1.30000000e+01 1.70000000e+00 8.87839488e-01
0 5 1.30000000e+01 1.60000000e+00 8.78697973e-01
0 5 1.30000000e+01 1.50000000e+00 8.67482751e-01
0 5 1.30000000e+01 1.40000000e+00 8.53671677e-01
0 5 1.30000000e+01 1.30000000e+00 8.36841976e-01
0 5 1.30000000e+01 1.20000000e+00 8.16618492e-01
0 5 1.30000000e+01 1.10000000e+00 7.92596420e-01
0 5 1.30000000e+01 1.00000000e+00 7.64517695e-01
0 5 1.30000000e+01 9.00000000e-01 7.32418210e-01
0 5 1.30000000e+01 8.00000000e-01 6.96389184e-01
0 5 1.30000000e+01 7.00000000e-01 6.56448695e-01
0 5 1.30000000e+01 6.00000000e-01 6.13151933e-01
0 5 1.30000000e+01 5.00000000e-01 5.68846324e-01
0 5 1.30000000e+01 4.00000000e-01 5.30304761e-01
0 5 1.30000000e+01 3.00000000e-01 5.16384041e-01
0 5 1.30000000e+01 2.00000000e-01 5.57345929e-01
0 5 1.30000000e+01 1.00000000e-01 6.27642740e-01
0 6 1.40000000e+01 1.00000000e+01 1.01055807e+00
0 6 1.40000000e+01 9.90000000e+00 1.01039793e+00
0 6 1.40000000e+01 9.80000000e+00 1.01032872e+00
0 6 1.40000000e+01 9.70000000e+00 1.01053912e+00
0 6 1.40000000e+01 9.60000000e+00 1.01083246e+00
0 6 1.40000000e+01 9.50000000e+00 1.01091018e+00
0 6 1.40000000e+01 9.40000000e+00 1.01091101e+00
0 6 1.40000000e+01 9.30000000e+00 1.01123050e+00
0 6 1.40000000e+01 9.20000000e+00 1.01201719e+00
0 6 1.40000000e+01 9.10000000e+00 1.01298722e+00
0 6 1.40000000e+01 9.00000000e+00 1.01361834e+00
0 6 1.40000000e+01 8.90000000e+00 1.01374646e+00
0 6 1.40000000e+01 8.80000000e+00 1.01351148e+00
0 6 1.40000000e+01 8.70000000e+00 1.01313827e+00
0 6 1.40000000e+01 8.60000000e+00 1.01297058e+00
0 6 1.40000000e+01 8.50000000e+00 1.01317314e+00
0 6 1.40000000e+01 8.40000000e+00 1.01357641e+00
0 6 1.40000000e+01 8.30000000e+00 1.01382576e+00
0 6 1.40000000e+01 8.20000000e+00 1.01360635e+00
0 6 1.40000000e+01 8.10000000e+00 1.01297169e+00
0 6 1.40000000e+01 8.00000000e+00 1.01218056e+00
0 6 1.40000000e+01 7.90000000e+00 1.01136868e+00
0 6 1.40000000e+01 7.80000000e+00 1.01061656e+00
0 6 1.40000000e+01 7.70000000e+00 1.01020785e+00
0 6 1.40000000e+01 7.60000000e+00 1.01034147e+00
0 6 1.40000000e+01 7.50000000e+00 1.01068758e+00
0 6 1.40000000e+01 7.40000000e+00 1.01082118e+00
0 6 1.40000000e+01 7.30000000e+00 1.01084285e+00
0 6 1.40000000e+01 7.20000000e+00 1.01093947e+00
0 6 1.40000000e+01 7.10000000e+00 1.01110443e+00
0 6 1.40000000e+01 7.00000000e+00 1.01128492e+00
0 6 1.40000000e+01 6.90000000e+00 1.01127040e+00
0 6 1.40000000e+01 6.80000000e+00 1.01080655e+00
0 6 1.40000000e+01 6.70000000e+00 1.01004964e+00
0 6 1.40000000e+01 6.60000000e+00 1.00943290e+00
0 6 1.40000000e+01 6.50000000e+00 1.00897225e+00
0 6 1.40000000e+01 6.40000000e+00 1.00835271e+00
0 6 1.40000000e+01 6.30000000e+00 1.00771782e+00
0 6 1.40000000e+01 6.20000000e+00 1.00743817e+00
0 6 1.40000000e+01 6.10000000e+00 1.00751212e+00
0 6 1.40000000e+01 6.00000000e+00 1.00749804e+00
0 6 1.40000000e+01 5.90000000e+00 1.00704321e+00
0 6 1.40000000e+01 5.80000000e+00 1.00644601e+00
0 6 1.40000000e+01 5.70000000e+00 1.00643944e+00
0 6 1.40000000e+01 5.60000000e+00 1.00734538e+00
0 6 1.40000000e+01 5.50000000e+00 1.00851181e+00
0 6 1.40000000e+01 5.40000000e+00 1.00910187e+00
0 6 1.40000000e+01 5.30000000e+00 1.00911636e+00
0 6 1.40000000e+01 5.20000000e+00 1.00885501e+00
0 6 1.40000000e+01 5.10000000e+00 1.00854448e+00
0 6 1.40000000e+01 5.00000000e+00 1.00832071e+00
0 6 1.40000000e+01 4.90000000e+00 1.00800020e+00
0 6 1.40000000e+01 4.80000000e+00 1.00727251e+00
0 6 1.40000000e+01 4.70000000e+00 1.00606670e+00
0 6 1.40000000e+01 4.60000000e+00 1.00458267e+00
0 6 1.40000000e+01 4.50000000e+00 1.00306280e+00
0 6 1.40000000e+01 4.40000000e+00 1.00165106e+00
0 6 1.40000000e+01 4.30000000e+00 1.00056490e+00
0 6 1.40000000e+01 4.20000000e+00 9.99989342e-01
0 6 1.40000000e+01 4.10000000e+00 9.99662744e-01
0 6 1.40000000e+01 4.00000000e+00 9.99102954e-01
0 6 1.40000000e+01 3.90000000e+00 9.98025897e-01
0 6 1.40000000e+01 3.80000000e+00 9.96755781e-01
0 6 1.40000000e+01 3.70000000e+00 9.95801820e-01
0 6 1.40000000e+01 3.60000000e+00 9.95060047e-01
0 6 1.40000000e+01 3.50000000e+00 9.94210977e-01
0 6 1.40000000e+01 3.40000000e+00 9.93130686e-01
0 6 1.40000000e+01 3.30000000e+00 9.91838603e-01
0 6 1.40000000e+01 3.20000000e+00 9.90300908e-01
0 6 1.40000000e+01 3.10000000e+00 9.88626091e-01
0 6 1.40000000e+01 3.00000000e+00 9.87011195e-01
0 6 1.40000000e+01 2.90000000e+00 9.85459780e-01
0 6 1.40000000e+01 2.80000000e+00 9.84107424e-01
0 6 1.40000000e+01 2.70000000e+00 9.83329278e-01
0 6 1.40000000e+01 2.60000000e+00 9.83278839e-01
0 6 1.40000000e+01 2.50000000e+00 9.83601514e-01
0 6 1.40000000e+01 2.40000000e+00 9.83849809e-01
0 6 1.40000000e+01 2.30000000e+00 9.84188227e-01
0 6 1.40000000e+01 2.20000000e+00 9.85052372e-01
0 6 1.40000000e+01 2.10000000e+00 9.86301802e-01
0 6 1.40000000e+01 2.00000000e+00 9.87066723e-01
0 6 1.40000000e+01 1.90000000e+00 9.87030575e-01
0 6 1.40000000e+01 1.80000000e+00 9.86883382e-01
0 6 1.40000000e+01 1.70000000e+00 9.87264066e-01
0 6 1.40000000e+01 1.60000000e+00 9.88119734e-01
0 6 1.40000000e+01 1.50000000e+00 9.89013896e-01
0 6 1.40000000e+01 1.40000000e+00 9.89563034e-01
0 6 1.40000000e+01 1.30000000e+00 9.89332993e-01
0 6 1.40000000e+01 1.20000000e+00 9.88169367e-01
0 6 1.40000000e+01 1.10000000e+00 9.86386531e-01
0 6 1.40000000e+01 1.00000000e+00 9.84220623e-01
0 6 1.40000000e+01 9.00000000e-01 9.80933416e-01
0 6 1.40000000e+01 8.00000000e-01 9.74049955e-01
0 6 1.40000000e+01 7.00000000e-01 9.60421644e-01
0 6 1.40000000e+01 6.00000000e-01 9.37515965e-01
0 6 1.40000000e+01 5.00000000e-01 9.02437902e-01
0 6 1.40000000e+01 4.00000000e-01 8.52962220e-01
0 6 1.40000000e+01 3.00000000e-01 7.93521773e-01
0 6 1.40000000e+01 2.00000000e-01 7.37152755e-01
0 6 1.40000000e+01 1.00000000e-01 7.01891058e-01
