# Simulation = TNG
# Columns: model_index halo_mass_index halo_mass_bin_value x=R/R200c y=f_b(<R)/f_b,cosmic
0 0 8.00000000e+00 1.00000000e+01 7.36299576e-01
0 0 8.00000000e+00 9.90000000e+00 7.33288076e-01
0 0 8.00000000e+00 9.80000000e+00 7.28842320e-01
0 0 8.00000000e+00 9.70000000e+00 7.24048204e-01
0 0 8.00000000e+00 9.60000000e+00 7.19151595e-01
0 0 8.00000000e+00 9.50000000e+00 7.14173780e-01
0 0 8.00000000e+00 9.40000000e+00 7.09119843e-01
0 0 8.00000000e+00 9.30000000e+00 7.03989785e-01
0 0 8.00000000e+00 9.20000000e+00 6.98779846e-01
0 0 8.00000000e+00 9.10000000e+00 6.93488195e-01
0 0 8.00000000e+00 9.00000000e+00 6.88112270e-01
0 0 8.00000000e+00 8.90000000e+00 6.82646308e-01
0 0 8.00000000e+00 8.80000000e+00 6.77087858e-01
0 0 8.00000000e+00 8.70000000e+00 6.71439698e-01
0 0 8.00000000e+00 8.60000000e+00 6.65703552e-01
0 0 8.00000000e+00 8.50000000e+00 6.59877198e-01
0 0 8.00000000e+00 8.40000000e+00 6.53956956e-01
0 0 8.00000000e+00 8.30000000e+00 6.47941136e-01
0 0 8.00000000e+00 8.20000000e+00 6.41832220e-01
0 0 8.00000000e+00 8.10000000e+00 6.35628588e-01
0 0 8.00000000e+00 8.00000000e+00 6.29324744e-01
0 0 8.00000000e+00 7.90000000e+00 6.22918208e-01
0 0 8.00000000e+00 7.80000000e+00 6.16406823e-01
0 0 8.00000000e+00 7.70000000e+00 6.09787965e-01
0 0 8.00000000e+00 7.60000000e+00 6.03059762e-01
0 0 8.00000000e+00 7.50000000e+00 5.96224229e-01
0 0 8.00000000e+00 7.40000000e+00 5.89284323e-01
0 0 8.00000000e+00 7.30000000e+00 5.82235829e-01
0 0 8.00000000e+00 7.20000000e+00 5.75073671e-01
0 0 8.00000000e+00 7.10000000e+00 5.67796560e-01
0 0 8.00000000e+00 7.00000000e+00 5.60405300e-01
0 0 8.00000000e+00 6.90000000e+00 5.52899497e-01
0 0 8.00000000e+00 6.80000000e+00 5.45276683e-01
0 0 8.00000000e+00 6.70000000e+00 5.37535578e-01
0 0 8.00000000e+00 6.60000000e+00 5.29675610e-01
0 0 8.00000000e+00 6.50000000e+00 5.21698764e-01
0 0 8.00000000e+00 6.40000000e+00 5.13608801e-01
0 0 8.00000000e+00 6.30000000e+00 5.05401806e-01
0 0 8.00000000e+00 6.20000000e+00 4.97068244e-01
0 0 8.00000000e+00 6.10000000e+00 4.88603838e-01
0 0 8.00000000e+00 6.00000000e+00 4.80010098e-01
0 0 8.00000000e+00 5.90000000e+00 4.71292738e-01
0 0 8.00000000e+00 5.80000000e+00 4.62455310e-01
0 0 8.00000000e+00 5.70000000e+00 4.53497047e-01
0 0 8.00000000e+00 5.60000000e+00 4.44416247e-01
0 0 8.00000000e+00 5.50000000e+00 4.35212168e-01
0 0 8.00000000e+00 5.40000000e+00 4.25885216e-01
0 0 8.00000000e+00 5.30000000e+00 4.16438059e-01
0 0 8.00000000e+00 5.20000000e+00 4.06872266e-01
0 0 8.00000000e+00 5.10000000e+00 3.97189523e-01
0 0 8.00000000e+00 5.00000000e+00 3.87393069e-01
0 0 8.00000000e+00 4.90000000e+00 3.77485785e-01
0 0 8.00000000e+00 4.80000000e+00 3.67472872e-01
0 0 8.00000000e+00 4.70000000e+00 3.57359036e-01
0 0 8.00000000e+00 4.60000000e+00 3.47142176e-01
0 0 8.00000000e+00 4.50000000e+00 3.36822855e-01
0 0 8.00000000e+00 4.40000000e+00 3.26407033e-01
0 0 8.00000000e+00 4.30000000e+00 3.15901646e-01
0 0 8.00000000e+00 4.20000000e+00 3.05315383e-01
0 0 8.00000000e+00 4.10000000e+00 2.94654757e-01
0 0 8.00000000e+00 4.00000000e+00 2.83924282e-01
0 0 8.00000000e+00 3.90000000e+00 2.73132737e-01
0 0 8.00000000e+00 3.80000000e+00 2.62290072e-01
0 0 8.00000000e+00 3.70000000e+00 2.51406665e-01
0 0 8.00000000e+00 3.60000000e+00 2.40492725e-01
0 0 8.00000000e+00 3.50000000e+00 2.29559712e-01
0 0 8.00000000e+00 3.40000000e+00 2.18623736e-01
0 0 8.00000000e+00 3.30000000e+00 2.07702271e-01
0 0 8.00000000e+00 3.20000000e+00 1.96813068e-01
0 0 8.00000000e+00 3.10000000e+00 1.85973626e-01
0 0 8.00000000e+00 3.00000000e+00 1.75204508e-01
0 0 8.00000000e+00 2.90000000e+00 1.64528348e-01
0 0 8.00000000e+00 2.80000000e+00 1.53967700e-01
0 0 8.00000000e+00 2.70000000e+00 1.43546868e-01
0 0 8.00000000e+00 2.60000000e+00 1.33291209e-01
0 0 8.00000000e+00 2.50000000e+00 1.23225461e-01
0 0 8.00000000e+00 2.40000000e+00 1.13378598e-01
0 0 8.00000000e+00 2.30000000e+00 1.03784687e-01
0 0 8.00000000e+00 2.20000000e+00 9.44760961e-02
0 0 8.00000000e+00 2.10000000e+00 8.54821224e-02
0 0 8.00000000e+00 2.00000000e+00 7.68318024e-02
0 0 8.00000000e+00 1.90000000e+00 6.85552613e-02
0 0 8.00000000e+00 1.80000000e+00 6.06848117e-02
0 0 8.00000000e+00 1.70000000e+00 5.32499210e-02
0 0 8.00000000e+00 1.60000000e+00 4.62777512e-02
0 0 8.00000000e+00 1.50000000e+00 3.97920927e-02
0 0 8.00000000e+00 1.40000000e+00 3.38127900e-02
0 0 8.00000000e+00 1.30000000e+00 2.83543029e-02
0 0 8.00000000e+00 1.20000000e+00 2.34251812e-02
0 0 8.00000000e+00 1.10000000e+00 1.90291289e-02
0 0 8.00000000e+00 1.00000000e+00 1.51655560e-02
0 0 8.00000000e+00 9.00000000e-01 1.18261363e-02
0 0 8.00000000e+00 8.00000000e-01 8.99244527e-03
0 0 8.00000000e+00 7.00000000e-01 6.63803516e-03
0 0 8.00000000e+00 6.00000000e-01 4.73099974e-03
0 0 8.00000000e+00 5.00000000e-01 3.23407812e-03
0 0 8.00000000e+00 4.00000000e-01 2.10238798e-03
0 0 8.00000000e+00 3.00000000e-01 1.29065848e-03
0 0 8.00000000e+00 2.00000000e-01 7.58338807e-04
0 0 8.00000000e+00 1.00000000e-01 4.87122383e-04
0 1 9.00000000e+00 1.00000000e+01 8.81984929e-01
0 1 9.00000000e+00 9.90000000e+00 8.79210945e-01
0 1 9.00000000e+00 9.80000000e+00 8.75102752e-01
0 1 9.00000000e+00 9.70000000e+00 8.70647436e-01
0 1 9.00000000e+00 9.60000000e+00 8.66071105e-01
0 1 9.00000000e+00 9.50000000e+00 8.61399227e-01
0 1 9.00000000e+00 9.40000000e+00 8.56626828e-01
0 1 9.00000000e+00 9.30000000e+00 8.51745276e-01
0 1 9.00000000e+00 9.20000000e+00 8.46753208e-01
0 1 9.00000000e+00 9.10000000e+00 8.41650165e-01
0 1 9.00000000e+00 9.00000000e+00 8.36440436e-01
0 1 9.00000000e+00 8.90000000e+00 8.31125805e-01
0 1 9.00000000e+00 8.80000000e+00 8.25697088e-01
0 1 9.00000000e+00 8.70000000e+00 8.20150014e-01
0 1 9.00000000e+00 8.60000000e+00 8.14487870e-01
0 1 9.00000000e+00 8.50000000e+00 8.08711519e-01
0 1 9.00000000e+00 8.40000000e+00 8.02820129e-01
0 1 9.00000000e+00 8.30000000e+00 7.96806798e-01
0 1 9.00000000e+00 8.20000000e+00 7.90663930e-01
0 1 9.00000000e+00 8.10000000e+00 7.84394624e-01
0 1 9.00000000e+00 8.00000000e+00 7.78003701e-01
0 1 9.00000000e+00 7.90000000e+00 7.71485642e-01
0 1 9.00000000e+00 7.80000000e+00 7.64830761e-01
0 1 9.00000000e+00 7.70000000e+00 7.58032288e-01
0 1 9.00000000e+00 7.60000000e+00 7.51089514e-01
0 1 9.00000000e+00 7.50000000e+00 7.44003909e-01
0 1 9.00000000e+00 7.40000000e+00 7.36769857e-01
0 1 9.00000000e+00 7.30000000e+00 7.29380839e-01
0 1 9.00000000e+00 7.20000000e+00 7.21837704e-01
0 1 9.00000000e+00 7.10000000e+00 7.14142199e-01
0 1 9.00000000e+00 7.00000000e+00 7.06288244e-01
0 1 9.00000000e+00 6.90000000e+00 6.98267767e-01
0 1 9.00000000e+00 6.80000000e+00 6.90076036e-01
0 1 9.00000000e+00 6.70000000e+00 6.81711154e-01
0 1 9.00000000e+00 6.60000000e+00 6.73167884e-01
0 1 9.00000000e+00 6.50000000e+00 6.64442262e-01
0 1 9.00000000e+00 6.40000000e+00 6.55539645e-01
0 1 9.00000000e+00 6.30000000e+00 6.46463052e-01
0 1 9.00000000e+00 6.20000000e+00 6.37207017e-01
0 1 9.00000000e+00 6.10000000e+00 6.27773876e-01
0 1 9.00000000e+00 6.00000000e+00 6.18170496e-01
0 1 9.00000000e+00 5.90000000e+00 6.08394110e-01
0 1 9.00000000e+00 5.80000000e+00 5.98434468e-01
0 1 9.00000000e+00 5.70000000e+00 5.88285064e-01
0 1 9.00000000e+00 5.60000000e+00 5.77947476e-01
0 1 9.00000000e+00 5.50000000e+00 5.67426464e-01
0 1 9.00000000e+00 5.40000000e+00 5.56728320e-01
0 1 9.00000000e+00 5.30000000e+00 5.45855972e-01
0 1 9.00000000e+00 5.20000000e+00 5.34801694e-01
0 1 9.00000000e+00 5.10000000e+00 5.23554952e-01
0 1 9.00000000e+00 5.00000000e+00 5.12117729e-01
0 1 9.00000000e+00 4.90000000e+00 5.00499524e-01
0 1 9.00000000e+00 4.80000000e+00 4.88702959e-01
0 1 9.00000000e+00 4.70000000e+00 4.76725812e-01
0 1 9.00000000e+00 4.60000000e+00 4.64573919e-01
0 1 9.00000000e+00 4.50000000e+00 4.52256901e-01
0 1 9.00000000e+00 4.40000000e+00 4.39779407e-01
0 1 9.00000000e+00 4.30000000e+00 4.27144967e-01
0 1 9.00000000e+00 4.20000000e+00 4.14356547e-01
0 1 9.00000000e+00 4.10000000e+00 4.01420717e-01
0 1 9.00000000e+00 4.00000000e+00 3.88352177e-01
0 1 9.00000000e+00 3.90000000e+00 3.75161295e-01
0 1 9.00000000e+00 3.80000000e+00 3.61857307e-01
0 1 9.00000000e+00 3.70000000e+00 3.48457775e-01
0 1 9.00000000e+00 3.60000000e+00 3.34973235e-01
0 1 9.00000000e+00 3.50000000e+00 3.21413682e-01
0 1 9.00000000e+00 3.40000000e+00 3.07799784e-01
0 1 9.00000000e+00 3.30000000e+00 2.94155323e-01
0 1 9.00000000e+00 3.20000000e+00 2.80500000e-01
0 1 9.00000000e+00 3.10000000e+00 2.66851919e-01
0 1 9.00000000e+00 3.00000000e+00 2.53236752e-01
0 1 9.00000000e+00 2.90000000e+00 2.39686805e-01
0 1 9.00000000e+00 2.80000000e+00 2.26238812e-01
0 1 9.00000000e+00 2.70000000e+00 2.12926909e-01
0 1 9.00000000e+00 2.60000000e+00 1.99783029e-01
0 1 9.00000000e+00 2.50000000e+00 1.86843466e-01
0 1 9.00000000e+00 2.40000000e+00 1.74144820e-01
0 1 9.00000000e+00 2.30000000e+00 1.61717381e-01
0 1 9.00000000e+00 2.20000000e+00 1.49596839e-01
0 1 9.00000000e+00 2.10000000e+00 1.37826053e-01
0 1 9.00000000e+00 2.00000000e+00 1.26444147e-01
0 1 9.00000000e+00 1.90000000e+00 1.15482281e-01
0 1 9.00000000e+00 1.80000000e+00 1.04965637e-01
0 1 9.00000000e+00 1.70000000e+00 9.49245446e-02
0 1 9.00000000e+00 1.60000000e+00 8.53898159e-02
0 1 9.00000000e+00 1.50000000e+00 7.63849030e-02
0 1 9.00000000e+00 1.40000000e+00 6.79311501e-02
0 1 9.00000000e+00 1.30000000e+00 6.00480008e-02
0 1 9.00000000e+00 1.20000000e+00 5.27489857e-02
0 1 9.00000000e+00 1.10000000e+00 4.60455727e-02
0 1 9.00000000e+00 1.00000000e+00 3.99501451e-02
0 1 9.00000000e+00 9.00000000e-01 3.44756138e-02
0 1 9.00000000e+00 8.00000000e-01 2.96345544e-02
0 1 9.00000000e+00 7.00000000e-01 2.54361995e-02
0 1 9.00000000e+00 6.00000000e-01 2.18978910e-02
0 1 9.00000000e+00 5.00000000e-01 1.90715952e-02
0 1 9.00000000e+00 4.00000000e-01 1.70924792e-02
0 1 9.00000000e+00 3.00000000e-01 1.62887118e-02
0 1 9.00000000e+00 2.00000000e-01 1.70458727e-02
0 1 9.00000000e+00 1.00000000e-01 1.85083037e-02
0 2 1.00000000e+01 1.00000000e+01 1.00701407e+00
0 2 1.00000000e+01 9.90000000e+00 1.00580243e+00
0 2 1.00000000e+01 9.80000000e+00 1.00399207e+00
0 2 1.00000000e+01 9.70000000e+00 1.00199980e+00
0 2 1.00000000e+01 9.60000000e+00 9.99920420e-01
0 2 1.00000000e+01 9.50000000e+00 9.97768204e-01
0 2 1.00000000e+01 9.40000000e+00 9.95546076e-01
0 2 1.00000000e+01 9.30000000e+00 9.93249663e-01
0 2 1.00000000e+01 9.20000000e+00 9.90874555e-01
0 2 1.00000000e+01 9.10000000e+00 9.88421327e-01
0 2 1.00000000e+01 9.00000000e+00 9.85892597e-01
0 2 1.00000000e+01 8.90000000e+00 9.83282141e-01
0 2 1.00000000e+01 8.80000000e+00 9.80579390e-01
0 2 1.00000000e+01 8.70000000e+00 9.77782620e-01
0 2 1.00000000e+01 8.60000000e+00 9.74894732e-01
0 2 1.00000000e+01 8.50000000e+00 9.71908623e-01
0 2 1.00000000e+01 8.40000000e+00 9.68814732e-01
0 2 1.00000000e+01 8.30000000e+00 9.65614290e-01
0 2 1.00000000e+01 8.20000000e+00 9.62316568e-01
0 2 1.00000000e+01 8.10000000e+00 9.58920058e-01
0 2 1.00000000e+01 8.00000000e+00 9.55410162e-01
0 2 1.00000000e+01 7.90000000e+00 9.51777732e-01
0 2 1.00000000e+01 7.80000000e+00 9.48019963e-01
0 2 1.00000000e+01 7.70000000e+00 9.44134984e-01
0 2 1.00000000e+01 7.60000000e+00 9.40121864e-01
0 2 1.00000000e+01 7.50000000e+00 9.35976642e-01
0 2 1.00000000e+01 7.40000000e+00 9.31691286e-01
0 2 1.00000000e+01 7.30000000e+00 9.27258327e-01
0 2 1.00000000e+01 7.20000000e+00 9.22672390e-01
0 2 1.00000000e+01 7.10000000e+00 9.17935561e-01
0 2 1.00000000e+01 7.00000000e+00 9.13049026e-01
0 2 1.00000000e+01 6.90000000e+00 9.08003829e-01
0 2 1.00000000e+01 6.80000000e+00 9.02792977e-01
0 2 1.00000000e+01 6.70000000e+00 8.97419339e-01
0 2 1.00000000e+01 6.60000000e+00 8.91889285e-01
0 2 1.00000000e+01 6.50000000e+00 8.86198986e-01
0 2 1.00000000e+01 6.40000000e+00 8.80329073e-01
0 2 1.00000000e+01 6.30000000e+00 8.74260924e-01
0 2 1.00000000e+01 6.20000000e+00 8.67983245e-01
0 2 1.00000000e+01 6.10000000e+00 8.61489955e-01
0 2 1.00000000e+01 6.00000000e+00 8.54779149e-01
0 2 1.00000000e+01 5.90000000e+00 8.47845197e-01
0 2 1.00000000e+01 5.80000000e+00 8.40688262e-01
0 2 1.00000000e+01 5.70000000e+00 8.33311168e-01
0 2 1.00000000e+01 5.60000000e+00 8.25711147e-01
0 2 1.00000000e+01 5.50000000e+00 8.17880061e-01
0 2 1.00000000e+01 5.40000000e+00 8.09806083e-01
0 2 1.00000000e+01 5.30000000e+00 8.01485108e-01
0 2 1.00000000e+01 5.20000000e+00 7.92916111e-01
0 2 1.00000000e+01 5.10000000e+00 7.84092057e-01
0 2 1.00000000e+01 5.00000000e+00 7.75010264e-01
0 2 1.00000000e+01 4.90000000e+00 7.65672603e-01
0 2 1.00000000e+01 4.80000000e+00 7.56073512e-01
0 2 1.00000000e+01 4.70000000e+00 7.46197379e-01
0 2 1.00000000e+01 4.60000000e+00 7.36032177e-01
0 2 1.00000000e+01 4.50000000e+00 7.25578929e-01
0 2 1.00000000e+01 4.40000000e+00 7.14846411e-01
0 2 1.00000000e+01 4.30000000e+00 7.03836047e-01
0 2 1.00000000e+01 4.20000000e+00 6.92535279e-01
0 2 1.00000000e+01 4.10000000e+00 6.80936548e-01
0 2 1.00000000e+01 4.00000000e+00 6.69043972e-01
0 2 1.00000000e+01 3.90000000e+00 6.56866087e-01
0 2 1.00000000e+01 3.80000000e+00 6.44409828e-01
0 2 1.00000000e+01 3.70000000e+00 6.31678353e-01
0 2 1.00000000e+01 3.60000000e+00 6.18669600e-01
0 2 1.00000000e+01 3.50000000e+00 6.05386651e-01
0 2 1.00000000e+01 3.40000000e+00 5.91845239e-01
0 2 1.00000000e+01 3.30000000e+00 5.78064619e-01
0 2 1.00000000e+01 3.20000000e+00 5.64057903e-01
0 2 1.00000000e+01 3.10000000e+00 5.49838123e-01
0 2 1.00000000e+01 3.00000000e+00 5.35424150e-01
0 2 1.00000000e+01 2.90000000e+00 5.20836506e-01
0 2 1.00000000e+01 2.80000000e+00 5.06098283e-01
0 2 1.00000000e+01 2.70000000e+00 4.91240098e-01
0 2 1.00000000e+01 2.60000000e+00 4.76296162e-01
0 2 1.00000000e+01 2.50000000e+00 4.61303237e-01
0 2 1.00000000e+01 2.40000000e+00 4.46306045e-01
0 2 1.00000000e+01 2.30000000e+00 4.31351369e-01
0 2 1.00000000e+01 2.20000000e+00 4.16488599e-01
0 2 1.00000000e+01 2.10000000e+00 4.01771850e-01
0 2 1.00000000e+01 2.00000000e+00 3.87262186e-01
0 2 1.00000000e+01 1.90000000e+00 3.73024355e-01
0 2 1.00000000e+01 1.80000000e+00 3.59120257e-01
0 2 1.00000000e+01 1.70000000e+00 3.45610807e-01
0 2 1.00000000e+01 1.60000000e+00 3.32555047e-01
0 2 1.00000000e+01 1.50000000e+00 3.20022677e-01
0 2 1.00000000e+01 1.40000000e+00 3.08104390e-01
0 2 1.00000000e+01 1.30000000e+00 2.96909239e-01
0 2 1.00000000e+01 1.20000000e+00 2.86563585e-01
0 2 1.00000000e+01 1.10000000e+00 2.77233012e-01
0 2 1.00000000e+01 1.00000000e+00 2.69160251e-01
0 2 1.00000000e+01 9.00000000e-01 2.62686828e-01
0 2 1.00000000e+01 8.00000000e-01 2.58274085e-01
0 2 1.00000000e+01 7.00000000e-01 2.56570350e-01
0 2 1.00000000e+01 6.00000000e-01 2.58489230e-01
0 2 1.00000000e+01 5.00000000e-01 2.65116777e-01
0 2 1.00000000e+01 4.00000000e-01 2.77106877e-01
0 2 1.00000000e+01 3.00000000e-01 2.93902166e-01
0 2 1.00000000e+01 2.00000000e-01 3.13569950e-01
0 2 1.00000000e+01 1.00000000e-01 3.29162657e-01
0 3 1.10000000e+01 1.00000000e+01 1.03239415e+00
0 3 1.10000000e+01 9.90000000e+00 1.03229813e+00
0 3 1.10000000e+01 9.80000000e+00 1.03213709e+00
0 3 1.10000000e+01 9.70000000e+00 1.03193767e+00
0 3 1.10000000e+01 9.60000000e+00 1.03170480e+00
0 3 1.10000000e+01 9.50000000e+00 1.03144417e+00
0 3 1.10000000e+01 9.40000000e+00 1.03117417e+00
0 3 1.10000000e+01 9.30000000e+00 1.03089576e+00
0 3 1.10000000e+01 9.20000000e+00 1.03059064e+00
0 3 1.10000000e+01 9.10000000e+00 1.03024008e+00
0 3 1.10000000e+01 9.00000000e+00 1.02983597e+00
0 3 1.10000000e+01 8.90000000e+00 1.02938626e+00
0 3 1.10000000e+01 8.80000000e+00 1.02890024e+00
0 3 1.10000000e+01 8.70000000e+00 1.02836818e+00
0 3 1.10000000e+01 8.60000000e+00 1.02779793e+00
0 3 1.10000000e+01 8.50000000e+00 1.02721187e+00
0 3 1.10000000e+01 8.40000000e+00 1.02661179e+00
0 3 1.10000000e+01 8.30000000e+00 1.02597703e+00
0 3 1.10000000e+01 8.20000000e+00 1.02530180e+00
0 3 1.10000000e+01 8.10000000e+00 1.02458050e+00
0 3 1.10000000e+01 8.00000000e+00 1.02380583e+00
0 3 1.10000000e+01 7.90000000e+00 1.02298242e+00
0 3 1.10000000e+01 7.80000000e+00 1.02212325e+00
0 3 1.10000000e+01 7.70000000e+00 1.02123926e+00
0 3 1.10000000e+01 7.60000000e+00 1.02032424e+00
0 3 1.10000000e+01 7.50000000e+00 1.01936565e+00
0 3 1.10000000e+01 7.40000000e+00 1.01833771e+00
0 3 1.10000000e+01 7.30000000e+00 1.01721105e+00
0 3 1.10000000e+01 7.20000000e+00 1.01598338e+00
0 3 1.10000000e+01 7.10000000e+00 1.01468255e+00
0 3 1.10000000e+01 7.00000000e+00 1.01330981e+00
0 3 1.10000000e+01 6.90000000e+00 1.01184625e+00
0 3 1.10000000e+01 6.80000000e+00 1.01029465e+00
0 3 1.10000000e+01 6.70000000e+00 1.00866762e+00
0 3 1.10000000e+01 6.60000000e+00 1.00696028e+00
0 3 1.10000000e+01 6.50000000e+00 1.00516552e+00
0 3 1.10000000e+01 6.40000000e+00 1.00329994e+00
0 3 1.10000000e+01 6.30000000e+00 1.00135416e+00
0 3 1.10000000e+01 6.20000000e+00 9.99298823e-01
0 3 1.10000000e+01 6.10000000e+00 9.97132042e-01
0 3 1.10000000e+01 6.00000000e+00 9.94857876e-01
0 3 1.10000000e+01 5.90000000e+00 9.92466369e-01
0 3 1.10000000e+01 5.80000000e+00 9.89969137e-01
0 3 1.10000000e+01 5.70000000e+00 9.87381773e-01
0 3 1.10000000e+01 5.60000000e+00 9.84686797e-01
0 3 1.10000000e+01 5.50000000e+00 9.81863722e-01
0 3 1.10000000e+01 5.40000000e+00 9.78903163e-01
0 3 1.10000000e+01 5.30000000e+00 9.75805112e-01
0 3 1.10000000e+01 5.20000000e+00 9.72570064e-01
0 3 1.10000000e+01 5.10000000e+00 9.69193879e-01
0 3 1.10000000e+01 5.00000000e+00 9.65659760e-01
0 3 1.10000000e+01 4.90000000e+00 9.61945129e-01
0 3 1.10000000e+01 4.80000000e+00 9.58042216e-01
0 3 1.10000000e+01 4.70000000e+00 9.53950102e-01
0 3 1.10000000e+01 4.60000000e+00 9.49658960e-01
0 3 1.10000000e+01 4.50000000e+00 9.45169699e-01
0 3 1.10000000e+01 4.40000000e+00 9.40479662e-01
0 3 1.10000000e+01 4.30000000e+00 9.35586299e-01
0 3 1.10000000e+01 4.20000000e+00 9.30491654e-01
0 3 1.10000000e+01 4.10000000e+00 9.25179678e-01
0 3 1.10000000e+01 4.00000000e+00 9.19637315e-01
0 3 1.10000000e+01 3.90000000e+00 9.13868259e-01
0 3 1.10000000e+01 3.80000000e+00 9.07875722e-01
0 3 1.10000000e+01 3.70000000e+00 9.01646791e-01
0 3 1.10000000e+01 3.60000000e+00 8.95164001e-01
0 3 1.10000000e+01 3.50000000e+00 8.88416486e-01
0 3 1.10000000e+01 3.40000000e+00 8.81395235e-01
0 3 1.10000000e+01 3.30000000e+00 8.74092088e-01
0 3 1.10000000e+01 3.20000000e+00 8.66511323e-01
0 3 1.10000000e+01 3.10000000e+00 8.58668530e-01
0 3 1.10000000e+01 3.00000000e+00 8.50587440e-01
0 3 1.10000000e+01 2.90000000e+00 8.42282111e-01
0 3 1.10000000e+01 2.80000000e+00 8.33752304e-01
0 3 1.10000000e+01 2.70000000e+00 8.24998673e-01
0 3 1.10000000e+01 2.60000000e+00 8.16019324e-01
0 3 1.10000000e+01 2.50000000e+00 8.06821791e-01
0 3 1.10000000e+01 2.40000000e+00 7.97430676e-01
0 3 1.10000000e+01 2.30000000e+00 7.87880440e-01
0 3 1.10000000e+01 2.20000000e+00 7.78207968e-01
0 3 1.10000000e+01 2.10000000e+00 7.68461559e-01
0 3 1.10000000e+01 2.00000000e+00 7.58698235e-01
0 3 1.10000000e+01 1.90000000e+00 7.48978194e-01
0 3 1.10000000e+01 1.80000000e+00 7.39348805e-01
0 3 1.10000000e+01 1.70000000e+00 7.29843860e-01
0 3 1.10000000e+01 1.60000000e+00 7.20503192e-01
0 3 1.10000000e+01 1.50000000e+00 7.11402373e-01
0 3 1.10000000e+01 1.40000000e+00 7.02682590e-01
0 3 1.10000000e+01 1.30000000e+00 6.94532840e-01
0 3 1.10000000e+01 1.20000000e+00 6.87168077e-01
0 3 1.10000000e+01 1.10000000e+00 6.80858277e-01
0 3 1.10000000e+01 1.00000000e+00 6.76029069e-01
0 3 1.10000000e+01 9.00000000e-01 6.73371901e-01
0 3 1.10000000e+01 8.00000000e-01 6.73949188e-01
0 3 1.10000000e+01 7.00000000e-01 6.79458963e-01
0 3 1.10000000e+01 6.00000000e-01 6.92709922e-01
0 3 1.10000000e+01 5.00000000e-01 7.18310160e-01
0 3 1.10000000e+01 4.00000000e-01 7.63534642e-01
0 3 1.10000000e+01 3.00000000e-01 8.38993831e-01
0 3 1.10000000e+01 2.00000000e-01 9.49578924e-01
0 3 1.10000000e+01 1.00000000e-01 1.04965297e+00
0 4 1.20000000e+01 1.00000000e+01 1.00271041e+00
0 4 1.20000000e+01 9.90000000e+00 1.00238541e+00
0 4 1.20000000e+01 9.80000000e+00 1.00189581e+00
0 4 1.20000000e+01 9.70000000e+00 1.00134547e+00
0 4 1.20000000e+01 9.60000000e+00 1.00073852e+00
0 4 1.20000000e+01 9.50000000e+00 1.00010708e+00
0 4 1.20000000e+01 9.40000000e+00 9.99515879e-01
0 4 1.20000000e+01 9.30000000e+00 9.98963779e-01
0 4 1.20000000e+01 9.20000000e+00 9.98421002e-01
0 4 1.20000000e+01 9.10000000e+00 9.97878725e-01
0 4 1.20000000e+01 9.00000000e+00 9.97327043e-01
0 4 1.20000000e+01 8.90000000e+00 9.96755740e-01
0 4 1.20000000e+01 8.80000000e+00 9.96150471e-01
0 4 1.20000000e+01 8.70000000e+00 9.95469927e-01
0 4 1.20000000e+01 8.60000000e+00 9.94696144e-01
0 4 1.20000000e+01 8.50000000e+00 9.93857171e-01
0 4 1.20000000e+01 8.40000000e+00 9.92953408e-01
0 4 1.20000000e+01 8.30000000e+00 9.91953144e-01
0 4 1.20000000e+01 8.20000000e+00 9.90857671e-01
0 4 1.20000000e+01 8.10000000e+00 9.89672615e-01
0 4 1.20000000e+01 8.00000000e+00 9.88409678e-01
0 4 1.20000000e+01 7.90000000e+00 9.87096294e-01
0 4 1.20000000e+01 7.80000000e+00 9.85729086e-01
0 4 1.20000000e+01 7.70000000e+00 9.84284023e-01
0 4 1.20000000e+01 7.60000000e+00 9.82758198e-01
0 4 1.20000000e+01 7.50000000e+00 9.81177495e-01
0 4 1.20000000e+01 7.40000000e+00 9.79571539e-01
0 4 1.20000000e+01 7.30000000e+00 9.77928652e-01
0 4 1.20000000e+01 7.20000000e+00 9.76204736e-01
0 4 1.20000000e+01 7.10000000e+00 9.74399729e-01
0 4 1.20000000e+01 7.00000000e+00 9.72536147e-01
0 4 1.20000000e+01 6.90000000e+00 9.70601582e-01
0 4 1.20000000e+01 6.80000000e+00 9.68572004e-01
0 4 1.20000000e+01 6.70000000e+00 9.66421266e-01
0 4 1.20000000e+01 6.60000000e+00 9.64141910e-01
0 4 1.20000000e+01 6.50000000e+00 9.61729005e-01
0 4 1.20000000e+01 6.40000000e+00 9.59181311e-01
0 4 1.20000000e+01 6.30000000e+00 9.56506519e-01
0 4 1.20000000e+01 6.20000000e+00 9.53726742e-01
0 4 1.20000000e+01 6.10000000e+00 9.50860160e-01
0 4 1.20000000e+01 6.00000000e+00 9.47879429e-01
0 4 1.20000000e+01 5.90000000e+00 9.44766031e-01
0 4 1.20000000e+01 5.80000000e+00 9.41515928e-01
0 4 1.20000000e+01 5.70000000e+00 9.38102706e-01
0 4 1.20000000e+01 5.60000000e+00 9.34537889e-01
0 4 1.20000000e+01 5.50000000e+00 9.30840516e-01
0 4 1.20000000e+01 5.40000000e+00 9.26988854e-01
0 4 1.20000000e+01 5.30000000e+00 9.22961715e-01
0 4 1.20000000e+01 5.20000000e+00 9.18750330e-01
0 4 1.20000000e+01 5.10000000e+00 9.14336788e-01
0 4 1.20000000e+01 5.00000000e+00 9.09712720e-01
0 4 1.20000000e+01 4.90000000e+00 9.04916917e-01
0 4 1.20000000e+01 4.80000000e+00 8.99958146e-01
0 4 1.20000000e+01 4.70000000e+00 8.94788390e-01
0 4 1.20000000e+01 4.60000000e+00 8.89358082e-01
0 4 1.20000000e+01 4.50000000e+00 8.83636751e-01
0 4 1.20000000e+01 4.40000000e+00 8.77635118e-01
0 4 1.20000000e+01 4.30000000e+00 8.71352364e-01
0 4 1.20000000e+01 4.20000000e+00 8.64791240e-01
0 4 1.20000000e+01 4.10000000e+00 8.57973561e-01
0 4 1.20000000e+01 4.00000000e+00 8.50892854e-01
0 4 1.20000000e+01 3.90000000e+00 8.43524495e-01
0 4 1.20000000e+01 3.80000000e+00 8.35873056e-01
0 4 1.20000000e+01 3.70000000e+00 8.27937906e-01
0 4 1.20000000e+01 3.60000000e+00 8.19678053e-01
0 4 1.20000000e+01 3.50000000e+00 8.11077376e-01
0 4 1.20000000e+01 3.40000000e+00 8.02190255e-01
0 4 1.20000000e+01 3.30000000e+00 7.93054060e-01
0 4 1.20000000e+01 3.20000000e+00 7.83669438e-01
0 4 1.20000000e+01 3.10000000e+00 7.74045072e-01
0 4 1.20000000e+01 3.00000000e+00 7.64204640e-01
0 4 1.20000000e+01 2.90000000e+00 7.54171950e-01
0 4 1.20000000e+01 2.80000000e+00 7.43968994e-01
0 4 1.20000000e+01 2.70000000e+00 7.33621959e-01
0 4 1.20000000e+01 2.60000000e+00 7.23122378e-01
0 4 1.20000000e+01 2.50000000e+00 7.12464709e-01
0 4 1.20000000e+01 2.40000000e+00 7.01681140e-01
0 4 1.20000000e+01 2.30000000e+00 6.90814361e-01
0 4 1.20000000e+01 2.20000000e+00 6.79917890e-01
0 4 1.20000000e+01 2.10000000e+00 6.69022311e-01
0 4 1.20000000e+01 2.00000000e+00 6.58151160e-01
0 4 1.20000000e+01 1.90000000e+00 6.47327851e-01
0 4 1.20000000e+01 1.80000000e+00 6.36560161e-01
0 4 1.20000000e+01 1.70000000e+00 6.25878200e-01
0 4 1.20000000e+01 1.60000000e+00 6.15372442e-01
0 4 1.20000000e+01 1.50000000e+00 6.05178435e-01
0 4 1.20000000e+01 1.40000000e+00 5.95472329e-01
0 4 1.20000000e+01 1.30000000e+00 5.86511964e-01
0 4 1.20000000e+01 1.20000000e+00 5.78624947e-01
0 4 1.20000000e+01 1.10000000e+00 5.72203871e-01
0 4 1.20000000e+01 1.00000000e+00 5.67876486e-01
0 4 1.20000000e+01 9.00000000e-01 5.66582740e-01
0 4 1.20000000e+01 8.00000000e-01 5.69660282e-01
0 4 1.20000000e+01 7.00000000e-01 5.79186620e-01
0 4 1.20000000e+01 6.00000000e-01 5.98747764e-01
0 4 1.20000000e+01 5.00000000e-01 6.35159117e-01
0 4 1.20000000e+01 4.00000000e-01 7.02182504e-01
0 4 1.20000000e+01 3.00000000e-01 8.27613632e-01
0 4 1.20000000e+01 2.00000000e-01 1.03685964e+00
0 4 1.20000000e+01 1.00000000e-01 1.24118736e+00
0 5 1.30000000e+01 1.00000000e+01 1.00628372e+00
0 5 1.30000000e+01 9.90000000e+00 1.00618734e+00
0 5 1.30000000e+01 9.80000000e+00 1.00604504e+00
0 5 1.30000000e+01 9.70000000e+00 1.00588774e+00
0 5 1.30000000e+01 9.60000000e+00 1.00571961e+00
0 5 1.30000000e+01 9.50000000e+00 1.00554374e+00
0 5 1.30000000e+01 9.40000000e+00 1.00535348e+00
0 5 1.30000000e+01 9.30000000e+00 1.00513211e+00
0 5 1.30000000e+01 9.20000000e+00 1.00488346e+00
0 5 1.30000000e+01 9.10000000e+00 1.00463460e+00
0 5 1.30000000e+01 9.00000000e+00 1.00440803e+00
0 5 1.30000000e+01 8.90000000e+00 1.00420990e+00
0 5 1.30000000e+01 8.80000000e+00 1.00402551e+00
0 5 1.30000000e+01 8.70000000e+00 1.00383842e+00
0 5 1.30000000e+01 8.60000000e+00 1.00363864e+00
0 5 1.30000000e+01 8.50000000e+00 1.00342241e+00
0 5 1.30000000e+01 8.40000000e+00 1.00320048e+00
0 5 1.30000000e+01 8.30000000e+00 1.00298293e+00
0 5 1.30000000e+01 8.20000000e+00 1.00275093e+00
0 5 1.30000000e+01 8.10000000e+00 1.00247016e+00
0 5 1.30000000e+01 8.00000000e+00 1.00212031e+00
0 5 1.30000000e+01 7.90000000e+00 1.00170474e+00
0 5 1.30000000e+01 7.80000000e+00 1.00123916e+00
0 5 1.30000000e+01 7.70000000e+00 1.00073247e+00
0 5 1.30000000e+01 7.60000000e+00 1.00018227e+00
0 5 1.30000000e+01 7.50000000e+00 9.99593997e-01
0 5 1.30000000e+01 7.40000000e+00 9.98980239e-01
0 5 1.30000000e+01 7.30000000e+00 9.98348495e-01
0 5 1.30000000e+01 7.20000000e+00 9.97696546e-01
0 5 1.30000000e+01 7.10000000e+00 9.97003219e-01
0 5 1.30000000e+01 7.00000000e+00 9.96243179e-01
0 5 1.30000000e+01 6.90000000e+00 9.95411067e-01
0 5 1.30000000e+01 6.80000000e+00 9.94518194e-01
0 5 1.30000000e+01 6.70000000e+00 9.93573468e-01
0 5 1.30000000e+01 6.60000000e+00 9.92574627e-01
0 5 1.30000000e+01 6.50000000e+00 9.91509229e-01
0 5 1.30000000e+01 6.40000000e+00 9.90366041e-01
0 5 1.30000000e+01 6.30000000e+00 9.89148558e-01
0 5 1.30000000e+01 6.20000000e+00 9.87859620e-01
0 5 1.30000000e+01 6.10000000e+00 9.86495586e-01
0 5 1.30000000e+01 6.00000000e+00 9.85054430e-01
0 5 1.30000000e+01 5.90000000e+00 9.83534708e-01
0 5 1.30000000e+01 5.80000000e+00 9.81928768e-01
0 5 1.30000000e+01 5.70000000e+00 9.80220246e-01
0 5 1.30000000e+01 5.60000000e+00 9.78399880e-01
0 5 1.30000000e+01 5.50000000e+00 9.76467616e-01
0 5 1.30000000e+01 5.40000000e+00 9.74421369e-01
0 5 1.30000000e+01 5.30000000e+00 9.72259035e-01
0 5 1.30000000e+01 5.20000000e+00 9.69982235e-01
0 5 1.30000000e+01 5.10000000e+00 9.67587991e-01
0 5 1.30000000e+01 5.00000000e+00 9.65068331e-01
0 5 1.30000000e+01 4.90000000e+00 9.62417670e-01
0 5 1.30000000e+01 4.80000000e+00 9.59638804e-01
0 5 1.30000000e+01 4.70000000e+00 9.56728850e-01
0 5 1.30000000e+01 4.60000000e+00 9.53675983e-01
0 5 1.30000000e+01 4.50000000e+00 9.50474718e-01
0 5 1.30000000e+01 4.40000000e+00 9.47127125e-01
0 5 1.30000000e+01 4.30000000e+00 9.43631128e-01
0 5 1.30000000e+01 4.20000000e+00 9.39974790e-01
0 5 1.30000000e+01 4.10000000e+00 9.36144829e-01
0 5 1.30000000e+01 4.00000000e+00 9.32120153e-01
0 5 1.30000000e+01 3.90000000e+00 9.27878229e-01
0 5 1.30000000e+01 3.80000000e+00 9.23403414e-01
0 5 1.30000000e+01 3.70000000e+00 9.18689905e-01
0 5 1.30000000e+01 3.60000000e+00 9.13724744e-01
0 5 1.30000000e+01 3.50000000e+00 9.08484932e-01
0 5 1.30000000e+01 3.40000000e+00 9.02949660e-01
0 5 1.30000000e+01 3.30000000e+00 8.97121014e-01
0 5 1.30000000e+01 3.20000000e+00 8.91012352e-01
0 5 1.30000000e+01 3.10000000e+00 8.84631104e-01
0 5 1.30000000e+01 3.00000000e+00 8.77975537e-01
0 5 1.30000000e+01 2.90000000e+00 8.71029240e-01
0 5 1.30000000e+01 2.80000000e+00 8.63769157e-01
0 5 1.30000000e+01 2.70000000e+00 8.56181302e-01
0 5 1.30000000e+01 2.60000000e+00 8.48261103e-01
0 5 1.30000000e+01 2.50000000e+00 8.40001934e-01
0 5 1.30000000e+01 2.40000000e+00 8.31386233e-01
0 5 1.30000000e+01 2.30000000e+00 8.22377391e-01
0 5 1.30000000e+01 2.20000000e+00 8.12923029e-01
0 5 1.30000000e+01 2.10000000e+00 8.02943125e-01
0 5 1.30000000e+01 2.00000000e+00 7.92317899e-01
0 5 1.30000000e+01 1.90000000e+00 7.80899450e-01
0 5 1.30000000e+01 1.80000000e+00 7.68506520e-01
0 5 1.30000000e+01 1.70000000e+00 7.54921581e-01
0 5 1.30000000e+01 1.60000000e+00 7.39924925e-01
0 5 1.30000000e+01 1.50000000e+00 7.23319861e-01
0 5 1.30000000e+01 1.40000000e+00 7.04946727e-01
0 5 1.30000000e+01 1.30000000e+00 6.84661654e-01
0 5 1.30000000e+01 1.20000000e+00 6.62327879e-01
0 5 1.30000000e+01 1.10000000e+00 6.37856510e-01
0 5 1.30000000e+01 1.00000000e+00 6.11271065e-01
0 5 1.30000000e+01 9.00000000e-01 5.82731656e-01
0 5 1.30000000e+01 8.00000000e-01 5.52610645e-01
0 5 1.30000000e+01 7.00000000e-01 5.21649206e-01
0 5 1.30000000e+01 6.00000000e-01 4.91309978e-01
0 5 1.30000000e+01 5.00000000e-01 4.65017922e-01
0 5 1.30000000e+01 4.00000000e-01 4.51281442e-01
0 5 1.30000000e+01 3.00000000e-01 4.71532665e-01
0 5 1.30000000e+01 2.00000000e-01 5.55387305e-01
0 5 1.30000000e+01 1.00000000e-01 6.60574658e-01
0 6 1.40000000e+01 1.00000000e+01 1.00745331e+00
0 6 1.40000000e+01 9.90000000e+00 1.00741741e+00
0 6 1.40000000e+01 9.80000000e+00 1.00737984e+00
0 6 1.40000000e+01 9.70000000e+00 1.00735801e+00
0 6 1.40000000e+01 9.60000000e+00 1.00735634e+00
0 6 1.40000000e+01 9.50000000e+00 1.00737303e+00
0 6 1.40000000e+01 9.40000000e+00 1.00738453e+00
0 6 1.40000000e+01 9.30000000e+00 1.00737822e+00
0 6 1.40000000e+01 9.20000000e+00 1.00736609e+00
0 6 1.40000000e+01 9.10000000e+00 1.00735860e+00
0 6 1.40000000e+01 9.00000000e+00 1.00736975e+00
0 6 1.40000000e+01 8.90000000e+00 1.00741269e+00
0 6 1.40000000e+01 8.80000000e+00 1.00747047e+00
0 6 1.40000000e+01 8.70000000e+00 1.00752436e+00
0 6 1.40000000e+01 8.60000000e+00 1.00754155e+00
0 6 1.40000000e+01 8.50000000e+00 1.00748440e+00
0 6 1.40000000e+01 8.40000000e+00 1.00738191e+00
0 6 1.40000000e+01 8.30000000e+00 1.00732388e+00
0 6 1.40000000e+01 8.20000000e+00 1.00735033e+00
0 6 1.40000000e+01 8.10000000e+00 1.00741222e+00
0 6 1.40000000e+01 8.00000000e+00 1.00744913e+00
0 6 1.40000000e+01 7.90000000e+00 1.00744094e+00
0 6 1.40000000e+01 7.80000000e+00 1.00738985e+00
0 6 1.40000000e+01 7.70000000e+00 1.00729990e+00
0 6 1.40000000e+01 7.60000000e+00 1.00717443e+00
0 6 1.40000000e+01 7.50000000e+00 1.00704747e+00
0 6 1.40000000e+01 7.40000000e+00 1.00695769e+00
0 6 1.40000000e+01 7.30000000e+00 1.00690713e+00
0 6 1.40000000e+01 7.20000000e+00 1.00687960e+00
0 6 1.40000000e+01 7.10000000e+00 1.00687053e+00
0 6 1.40000000e+01 7.00000000e+00 1.00688289e+00
0 6 1.40000000e+01 6.90000000e+00 1.00688078e+00
0 6 1.40000000e+01 6.80000000e+00 1.00683161e+00
0 6 1.40000000e+01 6.70000000e+00 1.00675422e+00
0 6 1.40000000e+01 6.60000000e+00 1.00668021e+00
0 6 1.40000000e+01 6.50000000e+00 1.00660454e+00
0 6 1.40000000e+01 6.40000000e+00 1.00649348e+00
0 6 1.40000000e+01 6.30000000e+00 1.00633466e+00
0 6 1.40000000e+01 6.20000000e+00 1.00617587e+00
0 6 1.40000000e+01 6.10000000e+00 1.00605690e+00
0 6 1.40000000e+01 6.00000000e+00 1.00597117e+00
0 6 1.40000000e+01 5.90000000e+00 1.00590533e+00
0 6 1.40000000e+01 5.80000000e+00 1.00583551e+00
0 6 1.40000000e+01 5.70000000e+00 1.00570706e+00
0 6 1.40000000e+01 5.60000000e+00 1.00550000e+00
0 6 1.40000000e+01 5.50000000e+00 1.00525284e+00
0 6 1.40000000e+01 5.40000000e+00 1.00500622e+00
0 6 1.40000000e+01 5.30000000e+00 1.00476856e+00
0 6 1.40000000e+01 5.20000000e+00 1.00452529e+00
0 6 1.40000000e+01 5.10000000e+00 1.00428849e+00
0 6 1.40000000e+01 5.00000000e+00 1.00408450e+00
0 6 1.40000000e+01 4.90000000e+00 1.00388359e+00
0 6 1.40000000e+01 4.80000000e+00 1.00360197e+00
0 6 1.40000000e+01 4.70000000e+00 1.00321447e+00
0 6 1.40000000e+01 4.60000000e+00 1.00278126e+00
0 6 1.40000000e+01 4.50000000e+00 1.00234710e+00
0 6 1.40000000e+01 4.40000000e+00 1.00188888e+00
0 6 1.40000000e+01 4.30000000e+00 1.00136383e+00
0 6 1.40000000e+01 4.20000000e+00 1.00073725e+00
0 6 1.40000000e+01 4.10000000e+00 1.00000127e+00
0 6 1.40000000e+01 4.00000000e+00 9.99177809e-01
0 6 1.40000000e+01 3.90000000e+00 9.98275988e-01
0 6 1.40000000e+01 3.80000000e+00 9.97311706e-01
0 6 1.40000000e+01 3.70000000e+00 9.96339573e-01
0 6 1.40000000e+01 3.60000000e+00 9.95398581e-01
0 6 1.40000000e+01 3.50000000e+00 9.94391188e-01
0 6 1.40000000e+01 3.40000000e+00 9.93209251e-01
0 6 1.40000000e+01 3.30000000e+00 9.91883474e-01
0 6 1.40000000e+01 3.20000000e+00 9.90432620e-01
0 6 1.40000000e+01 3.10000000e+00 9.88778615e-01
0 6 1.40000000e+01 3.00000000e+00 9.86899696e-01
0 6 1.40000000e+01 2.90000000e+00 9.84876576e-01
0 6 1.40000000e+01 2.80000000e+00 9.82793802e-01
0 6 1.40000000e+01 2.70000000e+00 9.80720016e-01
0 6 1.40000000e+01 2.60000000e+00 9.78706203e-01
0 6 1.40000000e+01 2.50000000e+00 9.76778380e-01
0 6 1.40000000e+01 2.40000000e+00 9.74973437e-01
0 6 1.40000000e+01 2.30000000e+00 9.73373547e-01
0 6 1.40000000e+01 2.20000000e+00 9.72068708e-01
0 6 1.40000000e+01 2.10000000e+00 9.71113318e-01
0 6 1.40000000e+01 2.00000000e+00 9.70551371e-01
0 6 1.40000000e+01 1.90000000e+00 9.70399126e-01
0 6 1.40000000e+01 1.80000000e+00 9.70582104e-01
0 6 1.40000000e+01 1.70000000e+00 9.70934545e-01
0 6 1.40000000e+01 1.60000000e+00 9.71212813e-01
0 6 1.40000000e+01 1.50000000e+00 9.71133991e-01
0 6 1.40000000e+01 1.40000000e+00 9.70434042e-01
0 6 1.40000000e+01 1.30000000e+00 9.68855101e-01
0 6 1.40000000e+01 1.20000000e+00 9.66119934e-01
0 6 1.40000000e+01 1.10000000e+00 9.61898043e-01
0 6 1.40000000e+01 1.00000000e+00 9.55788658e-01
0 6 1.40000000e+01 9.00000000e-01 9.47032167e-01
0 6 1.40000000e+01 8.00000000e-01 9.34359121e-01
0 6 1.40000000e+01 7.00000000e-01 9.16130230e-01
0 6 1.40000000e+01 6.00000000e-01 8.90251638e-01
0 6 1.40000000e+01 5.00000000e-01 8.53938039e-01
0 6 1.40000000e+01 4.00000000e-01 8.04853998e-01
0 6 1.40000000e+01 3.00000000e-01 7.47590510e-01
0 6 1.40000000e+01 2.00000000e-01 7.03284477e-01
0 6 1.40000000e+01 1.00000000e-01 6.88140142e-01
