# Exported fb/f_cosmic vs R/R200 (all bins, single file)
# Cosmo_Param, Omega_m=0.3099, Omega_b=0.0488911, f_b_cosmic=0.15776411745724428
# Rmax=20.0, Nnum=60
# Columns: logM_lo logM_up label_AGN R_over_R200 fb_med_norm fb_p16_norm fb_p84_norm
9.0 10.0 f 5.00000000e-02 3.64595543e-01 1.06011476e-01 9.84182097e-01
9.0 10.0 f 3.88136000e-01 8.65079412e-02 4.73743385e-02 1.43283386e-01
9.0 10.0 f 7.26271000e-01 7.86553064e-02 4.42273009e-02 1.28688483e-01
9.0 10.0 f 1.06441000e+00 8.12884464e-02 4.61790787e-02 1.30937544e-01
9.0 10.0 f 1.40254000e+00 8.94364525e-02 5.10543255e-02 1.44328428e-01
9.0 10.0 f 1.74068000e+00 1.02507714e-01 5.91973603e-02 1.69671396e-01
9.0 10.0 f 2.07881000e+00 1.18672061e-01 6.87915426e-02 2.14979379e-01
9.0 10.0 f 2.41695000e+00 1.38842541e-01 8.00893080e-02 2.83285539e-01
9.0 10.0 f 2.75508000e+00 1.63644043e-01 9.33581745e-02 3.60034493e-01
9.0 10.0 f 3.09322000e+00 1.95604555e-01 1.07552961e-01 4.37354020e-01
9.0 10.0 f 3.43136000e+00 2.36251238e-01 1.22914217e-01 5.12451306e-01
9.0 10.0 f 3.76949000e+00 2.82055703e-01 1.39493209e-01 5.84838013e-01
9.0 10.0 f 4.10763000e+00 3.30469025e-01 1.57719559e-01 6.53370688e-01
9.0 10.0 f 4.44576000e+00 3.78333483e-01 1.77731961e-01 7.16563068e-01
9.0 10.0 f 4.78390000e+00 4.25483799e-01 1.99944737e-01 7.74943770e-01
9.0 10.0 f 5.12203000e+00 4.70048698e-01 2.24721341e-01 8.28158342e-01
9.0 10.0 f 5.46017000e+00 5.12459876e-01 2.50941600e-01 8.77243965e-01
9.0 10.0 f 5.79831000e+00 5.52385684e-01 2.78320468e-01 9.22038879e-01
9.0 10.0 f 6.13644000e+00 5.89707099e-01 3.05912053e-01 9.62695526e-01
9.0 10.0 f 6.47458000e+00 6.24227851e-01 3.32990092e-01 1.00071944e+00
9.0 10.0 f 6.81271000e+00 6.56658571e-01 3.59920138e-01 1.03422618e+00
9.0 10.0 f 7.15085000e+00 6.86571837e-01 3.85864168e-01 1.06527443e+00
9.0 10.0 f 7.48898000e+00 7.14198398e-01 4.10267189e-01 1.09304107e+00
9.0 10.0 f 7.82712000e+00 7.39682140e-01 4.34016892e-01 1.11844355e+00
9.0 10.0 f 8.16525000e+00 7.63058558e-01 4.55878936e-01 1.14137221e+00
9.0 10.0 f 8.50339000e+00 7.84527635e-01 4.76640210e-01 1.16198039e+00
9.0 10.0 f 8.84153000e+00 8.03913159e-01 4.95909661e-01 1.18055178e+00
9.0 10.0 f 9.17966000e+00 8.22460215e-01 5.13828786e-01 1.19768705e+00
9.0 10.0 f 9.51780000e+00 8.39385610e-01 5.30472869e-01 1.21287967e+00
9.0 10.0 f 9.85593000e+00 8.54673180e-01 5.45807091e-01 1.22649290e+00
9.0 10.0 f 1.01941000e+01 8.68965594e-01 5.59885958e-01 1.23902116e+00
9.0 10.0 f 1.05322000e+01 8.81971213e-01 5.72937969e-01 1.24942213e+00
9.0 10.0 f 1.08703000e+01 8.93763882e-01 5.84842330e-01 1.25953913e+00
9.0 10.0 f 1.12085000e+01 9.04585607e-01 5.95877057e-01 1.26870364e+00
9.0 10.0 f 1.15466000e+01 9.14535715e-01 6.05627297e-01 1.27682868e+00
9.0 10.0 f 1.18847000e+01 9.23506830e-01 6.14764273e-01 1.28384942e+00
9.0 10.0 f 1.22229000e+01 9.31924967e-01 6.22638098e-01 1.29034335e+00
9.0 10.0 f 1.25610000e+01 9.39742968e-01 6.29893797e-01 1.29592586e+00
9.0 10.0 f 1.28992000e+01 9.46871459e-01 6.36537203e-01 1.30060633e+00
9.0 10.0 f 1.32373000e+01 9.53346505e-01 6.42263853e-01 1.30482903e+00
9.0 10.0 f 1.35754000e+01 9.59378802e-01 6.48004512e-01 1.30902814e+00
9.0 10.0 f 1.39136000e+01 9.64844937e-01 6.53026567e-01 1.31212416e+00
9.0 10.0 f 1.42517000e+01 9.69987298e-01 6.57787472e-01 1.31468887e+00
9.0 10.0 f 1.45898000e+01 9.74848860e-01 6.62283488e-01 1.31717689e+00
9.0 10.0 f 1.49280000e+01 9.79147112e-01 6.66425938e-01 1.31908880e+00
9.0 10.0 f 1.52661000e+01 9.83130147e-01 6.70008439e-01 1.32077505e+00
9.0 10.0 f 1.56042000e+01 9.86570853e-01 6.73358947e-01 1.32226633e+00
9.0 10.0 f 1.59424000e+01 9.89821466e-01 6.76843897e-01 1.32339954e+00
9.0 10.0 f 1.62805000e+01 9.92997790e-01 6.80119673e-01 1.32442296e+00
9.0 10.0 f 1.66186000e+01 9.95555343e-01 6.83658374e-01 1.32484030e+00
9.0 10.0 f 1.69568000e+01 9.97987201e-01 6.86707166e-01 1.32498976e+00
9.0 10.0 f 1.72949000e+01 1.00002772e+00 6.89949855e-01 1.32521383e+00
9.0 10.0 f 1.76331000e+01 1.00199686e+00 6.92979441e-01 1.32511121e+00
9.0 10.0 f 1.79712000e+01 1.00373686e+00 6.95875664e-01 1.32434151e+00
9.0 10.0 f 1.83093000e+01 1.00546444e+00 6.98622423e-01 1.32388672e+00
9.0 10.0 f 1.86475000e+01 1.00713535e+00 7.01243932e-01 1.32349867e+00
9.0 10.0 f 1.89856000e+01 1.00856343e+00 7.04171784e-01 1.32299285e+00
9.0 10.0 f 1.93237000e+01 1.00985010e+00 7.06643322e-01 1.32227577e+00
9.0 10.0 f 1.96619000e+01 1.01111420e+00 7.09472672e-01 1.32125532e+00
9.0 10.0 f 2.00000000e+01 1.01203577e+00 7.12406926e-01 1.31997968e+00
9.0 10.0 n 5.00000000e-02 3.65237837e-01 1.05776043e-01 9.84457318e-01
9.0 10.0 n 3.88136000e-01 8.67807663e-02 4.75041221e-02 1.43481644e-01
9.0 10.0 n 7.26271000e-01 7.90371360e-02 4.43897923e-02 1.28846644e-01
9.0 10.0 n 1.06441000e+00 8.12483802e-02 4.61146839e-02 1.30654501e-01
9.0 10.0 n 1.40254000e+00 8.90901190e-02 5.09295227e-02 1.42738167e-01
9.0 10.0 n 1.74068000e+00 1.01683578e-01 5.87760230e-02 1.66696175e-01
9.0 10.0 n 2.07881000e+00 1.17613474e-01 6.82574731e-02 2.08969039e-01
9.0 10.0 n 2.41695000e+00 1.37516112e-01 7.95112552e-02 2.73867193e-01
9.0 10.0 n 2.75508000e+00 1.61975882e-01 9.25254122e-02 3.47999671e-01
9.0 10.0 n 3.09322000e+00 1.93084831e-01 1.06478744e-01 4.22689925e-01
9.0 10.0 n 3.43136000e+00 2.31984469e-01 1.21676014e-01 4.95970606e-01
9.0 10.0 n 3.76949000e+00 2.76850825e-01 1.38029467e-01 5.66600609e-01
9.0 10.0 n 4.10763000e+00 3.24348342e-01 1.55681725e-01 6.32802538e-01
9.0 10.0 n 4.44576000e+00 3.71226379e-01 1.75337652e-01 6.94085777e-01
9.0 10.0 n 4.78390000e+00 4.17356615e-01 1.97247349e-01 7.51270390e-01
9.0 10.0 n 5.12203000e+00 4.61601619e-01 2.21230585e-01 8.03611126e-01
9.0 10.0 n 5.46017000e+00 5.03591344e-01 2.46943973e-01 8.51604358e-01
9.0 10.0 n 5.79831000e+00 5.43110179e-01 2.73680573e-01 8.95123633e-01
9.0 10.0 n 6.13644000e+00 5.80253536e-01 3.00505551e-01 9.34440305e-01
9.0 10.0 n 6.47458000e+00 6.14628133e-01 3.27682434e-01 9.70835209e-01
9.0 10.0 n 6.81271000e+00 6.46496818e-01 3.53650715e-01 1.00295823e+00
9.0 10.0 n 7.15085000e+00 6.76344797e-01 3.79328950e-01 1.03282884e+00
9.0 10.0 n 7.48898000e+00 7.03844840e-01 4.03793505e-01 1.05985666e+00
9.0 10.0 n 7.82712000e+00 7.29341639e-01 4.27024162e-01 1.08470464e+00
9.0 10.0 n 8.16525000e+00 7.52565741e-01 4.48738611e-01 1.10687945e+00
9.0 10.0 n 8.50339000e+00 7.73861712e-01 4.68956390e-01 1.12732466e+00
9.0 10.0 n 8.84153000e+00 7.93453683e-01 4.87739590e-01 1.14569531e+00
9.0 10.0 n 9.17966000e+00 8.11486744e-01 5.05542796e-01 1.16225332e+00
9.0 10.0 n 9.51780000e+00 8.27928315e-01 5.21959425e-01 1.17791379e+00
9.0 10.0 n 9.85593000e+00 8.43197250e-01 5.37410220e-01 1.19125726e+00
9.0 10.0 n 1.01941000e+01 8.57098193e-01 5.50893140e-01 1.20330055e+00
9.0 10.0 n 1.05322000e+01 8.69914606e-01 5.63923999e-01 1.21478289e+00
9.0 10.0 n 1.08703000e+01 8.81763244e-01 5.76148445e-01 1.22512034e+00
9.0 10.0 n 1.12085000e+01 8.92331427e-01 5.86781161e-01 1.23407257e+00
9.0 10.0 n 1.15466000e+01 9.02298649e-01 5.96686164e-01 1.24175848e+00
9.0 10.0 n 1.18847000e+01 9.10975780e-01 6.05896427e-01 1.24887359e+00
9.0 10.0 n 1.22229000e+01 9.19385360e-01 6.13876651e-01 1.25508020e+00
9.0 10.0 n 1.25610000e+01 9.27160829e-01 6.21450147e-01 1.26091182e+00
9.0 10.0 n 1.28992000e+01 9.34380342e-01 6.28197936e-01 1.26607510e+00
9.0 10.0 n 1.32373000e+01 9.40891455e-01 6.34508478e-01 1.27068039e+00
9.0 10.0 n 1.35754000e+01 9.46728333e-01 6.40484488e-01 1.27455922e+00
9.0 10.0 n 1.39136000e+01 9.51971414e-01 6.46015340e-01 1.27778923e+00
9.0 10.0 n 1.42517000e+01 9.56919878e-01 6.51467530e-01 1.28068038e+00
9.0 10.0 n 1.45898000e+01 9.61678311e-01 6.56537378e-01 1.28318387e+00
9.0 10.0 n 1.49280000e+01 9.65624582e-01 6.60777569e-01 1.28553776e+00
9.0 10.0 n 1.52661000e+01 9.69707006e-01 6.65069229e-01 1.28787181e+00
9.0 10.0 n 1.56042000e+01 9.73246467e-01 6.69276270e-01 1.28959426e+00
9.0 10.0 n 1.59424000e+01 9.76459555e-01 6.73426770e-01 1.29131550e+00
9.0 10.0 n 1.62805000e+01 9.79467844e-01 6.77106631e-01 1.29219662e+00
9.0 10.0 n 1.66186000e+01 9.82063555e-01 6.80642289e-01 1.29303351e+00
9.0 10.0 n 1.69568000e+01 9.84639996e-01 6.84097130e-01 1.29339671e+00
9.0 10.0 n 1.72949000e+01 9.86986094e-01 6.87736361e-01 1.29364366e+00
9.0 10.0 n 1.76331000e+01 9.89192425e-01 6.91086933e-01 1.29414352e+00
9.0 10.0 n 1.79712000e+01 9.91264823e-01 6.94758426e-01 1.29399405e+00
9.0 10.0 n 1.83093000e+01 9.92787223e-01 6.98259603e-01 1.29353628e+00
9.0 10.0 n 1.86475000e+01 9.94582878e-01 7.01809459e-01 1.29327120e+00
9.0 10.0 n 1.89856000e+01 9.96126131e-01 7.05015955e-01 1.29262125e+00
9.0 10.0 n 1.93237000e+01 9.97639657e-01 7.07969225e-01 1.29221532e+00
9.0 10.0 n 1.96619000e+01 9.99032623e-01 7.10915839e-01 1.29143149e+00
9.0 10.0 n 2.00000000e+01 1.00027042e+00 7.14048998e-01 1.29058796e+00
10.0 11.0 f 5.00000000e-02 1.24146177e-01 4.93554506e-02 2.89062587e-01
10.0 11.0 f 3.88136000e-01 6.76508903e-02 3.72643716e-02 1.21719465e-01
10.0 11.0 f 7.26271000e-01 5.87281909e-02 3.57444373e-02 1.14174448e-01
10.0 11.0 f 1.06441000e+00 6.64413757e-02 3.84120299e-02 1.35259819e-01
10.0 11.0 f 1.40254000e+00 8.90526137e-02 4.38081391e-02 1.74516224e-01
10.0 11.0 f 1.74068000e+00 1.16389280e-01 5.37231966e-02 2.27997225e-01
10.0 11.0 f 2.07881000e+00 1.46449525e-01 7.00021600e-02 2.90548103e-01
10.0 11.0 f 2.41695000e+00 1.79107077e-01 8.73559984e-02 3.57061047e-01
10.0 11.0 f 2.75508000e+00 2.12508957e-01 1.03855352e-01 4.25262513e-01
10.0 11.0 f 3.09322000e+00 2.47156582e-01 1.20014470e-01 4.93116111e-01
10.0 11.0 f 3.43136000e+00 2.81814938e-01 1.36194487e-01 5.58936711e-01
10.0 11.0 f 3.76949000e+00 3.16995714e-01 1.52465126e-01 6.20193429e-01
10.0 11.0 f 4.10763000e+00 3.52001760e-01 1.69091638e-01 6.76009803e-01
10.0 11.0 f 4.44576000e+00 3.85841413e-01 1.86390197e-01 7.25963748e-01
10.0 11.0 f 4.78390000e+00 4.19375065e-01 2.03598692e-01 7.71006753e-01
10.0 11.0 f 5.12203000e+00 4.51551932e-01 2.21403673e-01 8.11048241e-01
10.0 11.0 f 5.46017000e+00 4.82712636e-01 2.39714522e-01 8.46770116e-01
10.0 11.0 f 5.79831000e+00 5.12355840e-01 2.58161676e-01 8.79003998e-01
10.0 11.0 f 6.13644000e+00 5.41006589e-01 2.76884596e-01 9.07934341e-01
10.0 11.0 f 6.47458000e+00 5.68138373e-01 2.95601571e-01 9.34506733e-01
10.0 11.0 f 6.81271000e+00 5.93462889e-01 3.14481561e-01 9.58890858e-01
10.0 11.0 f 7.15085000e+00 6.17592052e-01 3.33169467e-01 9.80800467e-01
10.0 11.0 f 7.48898000e+00 6.40738665e-01 3.51788885e-01 9.99860377e-01
10.0 11.0 f 7.82712000e+00 6.62285770e-01 3.70016858e-01 1.01794668e+00
10.0 11.0 f 8.16525000e+00 6.82443966e-01 3.88413284e-01 1.03461651e+00
10.0 11.0 f 8.50339000e+00 7.01305733e-01 4.06263338e-01 1.04946500e+00
10.0 11.0 f 8.84153000e+00 7.19513739e-01 4.23868165e-01 1.06244660e+00
10.0 11.0 f 9.17966000e+00 7.35863591e-01 4.40750249e-01 1.07421784e+00
10.0 11.0 f 9.51780000e+00 7.51254733e-01 4.57600506e-01 1.08539491e+00
10.0 11.0 f 9.85593000e+00 7.65780343e-01 4.74108918e-01 1.09476200e+00
10.0 11.0 f 1.01941000e+01 7.79154550e-01 4.89848416e-01 1.10332047e+00
10.0 11.0 f 1.05322000e+01 7.92131202e-01 5.05425925e-01 1.11151695e+00
10.0 11.0 f 1.08703000e+01 8.04025859e-01 5.20733392e-01 1.11862503e+00
10.0 11.0 f 1.12085000e+01 8.14984117e-01 5.35196979e-01 1.12544242e+00
10.0 11.0 f 1.15466000e+01 8.25789299e-01 5.49485006e-01 1.13090691e+00
10.0 11.0 f 1.18847000e+01 8.35603255e-01 5.63275062e-01 1.13570705e+00
10.0 11.0 f 1.22229000e+01 8.44884960e-01 5.76216293e-01 1.14040152e+00
10.0 11.0 f 1.25610000e+01 8.53439693e-01 5.88672123e-01 1.14429024e+00
10.0 11.0 f 1.28992000e+01 8.61361773e-01 6.01193355e-01 1.14765267e+00
10.0 11.0 f 1.32373000e+01 8.69153152e-01 6.12805906e-01 1.15095823e+00
10.0 11.0 f 1.35754000e+01 8.76277332e-01 6.24653252e-01 1.15370823e+00
10.0 11.0 f 1.39136000e+01 8.82799855e-01 6.35811245e-01 1.15687561e+00
10.0 11.0 f 1.42517000e+01 8.89137228e-01 6.46479768e-01 1.15934994e+00
10.0 11.0 f 1.45898000e+01 8.94637211e-01 6.56892782e-01 1.16091836e+00
10.0 11.0 f 1.49280000e+01 9.00314104e-01 6.67185300e-01 1.16220794e+00
10.0 11.0 f 1.52661000e+01 9.05648396e-01 6.76683404e-01 1.16319790e+00
10.0 11.0 f 1.56042000e+01 9.10756022e-01 6.85929042e-01 1.16459568e+00
10.0 11.0 f 1.59424000e+01 9.15193406e-01 6.94855153e-01 1.16570538e+00
10.0 11.0 f 1.62805000e+01 9.19632311e-01 7.03482654e-01 1.16598630e+00
10.0 11.0 f 1.66186000e+01 9.23850381e-01 7.11497531e-01 1.16628447e+00
10.0 11.0 f 1.69568000e+01 9.27807554e-01 7.19454093e-01 1.16647101e+00
10.0 11.0 f 1.72949000e+01 9.31341121e-01 7.26909527e-01 1.16695883e+00
10.0 11.0 f 1.76331000e+01 9.34748930e-01 7.34579015e-01 1.16716154e+00
10.0 11.0 f 1.79712000e+01 9.38072056e-01 7.41540484e-01 1.16722480e+00
10.0 11.0 f 1.83093000e+01 9.41214722e-01 7.48579093e-01 1.16699464e+00
10.0 11.0 f 1.86475000e+01 9.43976187e-01 7.54794258e-01 1.16701486e+00
10.0 11.0 f 1.89856000e+01 9.46858148e-01 7.61276404e-01 1.16654042e+00
10.0 11.0 f 1.93237000e+01 9.49600723e-01 7.67019408e-01 1.16602934e+00
10.0 11.0 f 1.96619000e+01 9.52032265e-01 7.72673355e-01 1.16567197e+00
10.0 11.0 f 2.00000000e+01 9.54560406e-01 7.78211053e-01 1.16507437e+00
10.0 11.0 n 5.00000000e-02 1.23608482e-01 4.92531732e-02 2.90087218e-01
10.0 11.0 n 3.88136000e-01 6.76868363e-02 3.77628893e-02 1.22254479e-01
10.0 11.0 n 7.26271000e-01 5.85077237e-02 3.57525817e-02 1.14515939e-01
10.0 11.0 n 1.06441000e+00 6.58193458e-02 3.81939620e-02 1.34153421e-01
10.0 11.0 n 1.40254000e+00 8.80473787e-02 4.33994872e-02 1.72325155e-01
10.0 11.0 n 1.74068000e+00 1.14906965e-01 5.30672160e-02 2.24290894e-01
10.0 11.0 n 2.07881000e+00 1.44808505e-01 6.88499716e-02 2.84776264e-01
10.0 11.0 n 2.41695000e+00 1.76308862e-01 8.57542337e-02 3.49539451e-01
10.0 11.0 n 2.75508000e+00 2.09033952e-01 1.02101487e-01 4.16510034e-01
10.0 11.0 n 3.09322000e+00 2.42575800e-01 1.18022465e-01 4.82584502e-01
10.0 11.0 n 3.43136000e+00 2.76259657e-01 1.34062126e-01 5.45889321e-01
10.0 11.0 n 3.76949000e+00 3.10459056e-01 1.50163569e-01 6.06147447e-01
10.0 11.0 n 4.10763000e+00 3.44227381e-01 1.66746624e-01 6.60755321e-01
10.0 11.0 n 4.44576000e+00 3.77330124e-01 1.83796059e-01 7.09687930e-01
10.0 11.0 n 4.78390000e+00 4.10149868e-01 2.00971200e-01 7.54323492e-01
10.0 11.0 n 5.12203000e+00 4.41913606e-01 2.18727240e-01 7.92666939e-01
10.0 11.0 n 5.46017000e+00 4.72078824e-01 2.36759262e-01 8.27877670e-01
10.0 11.0 n 5.79831000e+00 5.01552788e-01 2.54917573e-01 8.58906462e-01
10.0 11.0 n 6.13644000e+00 5.29746684e-01 2.73397771e-01 8.87446476e-01
10.0 11.0 n 6.47458000e+00 5.56496340e-01 2.91842954e-01 9.12187019e-01
10.0 11.0 n 6.81271000e+00 5.81985812e-01 3.10476082e-01 9.35328276e-01
10.0 11.0 n 7.15085000e+00 6.06632487e-01 3.29015164e-01 9.56453168e-01
10.0 11.0 n 7.48898000e+00 6.28951289e-01 3.47394616e-01 9.74693121e-01
10.0 11.0 n 7.82712000e+00 6.49728352e-01 3.65456942e-01 9.91862868e-01
10.0 11.0 n 8.16525000e+00 6.69625842e-01 3.83702295e-01 1.00678553e+00
10.0 11.0 n 8.50339000e+00 6.88888904e-01 4.01792157e-01 1.02078865e+00
10.0 11.0 n 8.84153000e+00 7.06729716e-01 4.19320921e-01 1.03329681e+00
10.0 11.0 n 9.17966000e+00 7.23595973e-01 4.36925754e-01 1.04471399e+00
10.0 11.0 n 9.51780000e+00 7.39180505e-01 4.54253021e-01 1.05471506e+00
10.0 11.0 n 9.85593000e+00 7.53985392e-01 4.70891323e-01 1.06421158e+00
10.0 11.0 n 1.01941000e+01 7.68055385e-01 4.87133800e-01 1.07268518e+00
10.0 11.0 n 1.05322000e+01 7.80881369e-01 5.02641166e-01 1.08046793e+00
10.0 11.0 n 1.08703000e+01 7.93612781e-01 5.17875042e-01 1.08713935e+00
10.0 11.0 n 1.12085000e+01 8.04802334e-01 5.32830788e-01 1.09361389e+00
10.0 11.0 n 1.15466000e+01 8.15451397e-01 5.47430610e-01 1.09934865e+00
10.0 11.0 n 1.18847000e+01 8.25853699e-01 5.61579004e-01 1.10441495e+00
10.0 11.0 n 1.22229000e+01 8.35269338e-01 5.75133645e-01 1.10875808e+00
10.0 11.0 n 1.25610000e+01 8.44111019e-01 5.88329631e-01 1.11281984e+00
10.0 11.0 n 1.28992000e+01 8.52268641e-01 6.01121627e-01 1.11627018e+00
10.0 11.0 n 1.32373000e+01 8.60104327e-01 6.13273497e-01 1.12008017e+00
10.0 11.0 n 1.35754000e+01 8.67651100e-01 6.25111506e-01 1.12317264e+00
10.0 11.0 n 1.39136000e+01 8.74603695e-01 6.36545886e-01 1.12652511e+00
10.0 11.0 n 1.42517000e+01 8.81289245e-01 6.47844653e-01 1.12854661e+00
10.0 11.0 n 1.45898000e+01 8.87971056e-01 6.58469693e-01 1.13063479e+00
10.0 11.0 n 1.49280000e+01 8.94032701e-01 6.68661935e-01 1.13224232e+00
10.0 11.0 n 1.52661000e+01 8.99565454e-01 6.78360591e-01 1.13399379e+00
10.0 11.0 n 1.56042000e+01 9.04661607e-01 6.87838982e-01 1.13549458e+00
10.0 11.0 n 1.59424000e+01 9.09863297e-01 6.97055717e-01 1.13685217e+00
10.0 11.0 n 1.62805000e+01 9.13989647e-01 7.06045467e-01 1.13736503e+00
10.0 11.0 n 1.66186000e+01 9.18405860e-01 7.14534913e-01 1.13834269e+00
10.0 11.0 n 1.69568000e+01 9.22665194e-01 7.22611465e-01 1.13874874e+00
10.0 11.0 n 1.72949000e+01 9.26650384e-01 7.30480301e-01 1.13906928e+00
10.0 11.0 n 1.76331000e+01 9.30350908e-01 7.37959885e-01 1.13955349e+00
10.0 11.0 n 1.79712000e+01 9.33986716e-01 7.45201773e-01 1.13966511e+00
10.0 11.0 n 1.83093000e+01 9.37255457e-01 7.52170658e-01 1.13980487e+00
10.0 11.0 n 1.86475000e+01 9.40477546e-01 7.58936265e-01 1.13979429e+00
10.0 11.0 n 1.89856000e+01 9.43644299e-01 7.65267299e-01 1.13996505e+00
10.0 11.0 n 1.93237000e+01 9.46291922e-01 7.71175233e-01 1.13997880e+00
10.0 11.0 n 1.96619000e+01 9.49152079e-01 7.77090329e-01 1.13990217e+00
10.0 11.0 n 2.00000000e+01 9.51633695e-01 7.82778061e-01 1.13948795e+00
11.0 12.0 f 5.00000000e-02 6.79460715e-01 3.61569373e-01 1.14439071e+00
11.0 12.0 f 3.88136000e-01 2.03368374e-01 1.29612591e-01 3.18750707e-01
11.0 12.0 f 7.26271000e-01 1.78808049e-01 1.14050434e-01 2.84469395e-01
11.0 12.0 f 1.06441000e+00 1.92224173e-01 1.21164028e-01 3.10647432e-01
11.0 12.0 f 1.40254000e+00 2.17103924e-01 1.35399534e-01 3.56247985e-01
11.0 12.0 f 1.74068000e+00 2.48109669e-01 1.53525373e-01 4.09807154e-01
11.0 12.0 f 2.07881000e+00 2.82312199e-01 1.73151471e-01 4.64054280e-01
11.0 12.0 f 2.41695000e+00 3.19694141e-01 1.94914645e-01 5.20425679e-01
11.0 12.0 f 2.75508000e+00 3.58812009e-01 2.17799209e-01 5.74288561e-01
11.0 12.0 f 3.09322000e+00 3.97572198e-01 2.41964355e-01 6.27587227e-01
11.0 12.0 f 3.43136000e+00 4.36366026e-01 2.66853830e-01 6.74968755e-01
11.0 12.0 f 3.76949000e+00 4.73270267e-01 2.92070198e-01 7.17844221e-01
11.0 12.0 f 4.10763000e+00 5.08692200e-01 3.17889827e-01 7.58311915e-01
11.0 12.0 f 4.44576000e+00 5.41872267e-01 3.43547816e-01 7.93849400e-01
11.0 12.0 f 4.78390000e+00 5.74263378e-01 3.68725930e-01 8.26203589e-01
11.0 12.0 f 5.12203000e+00 6.06013006e-01 3.94120989e-01 8.53484317e-01
11.0 12.0 f 5.46017000e+00 6.34444775e-01 4.19380218e-01 8.77845053e-01
11.0 12.0 f 5.79831000e+00 6.60985791e-01 4.45246835e-01 9.00519981e-01
11.0 12.0 f 6.13644000e+00 6.86126489e-01 4.70298096e-01 9.18899825e-01
11.0 12.0 f 6.47458000e+00 7.09953200e-01 4.93151854e-01 9.36874255e-01
11.0 12.0 f 6.81271000e+00 7.32189181e-01 5.16530725e-01 9.52926891e-01
11.0 12.0 f 7.15085000e+00 7.51708068e-01 5.39890517e-01 9.66036907e-01
11.0 12.0 f 7.48898000e+00 7.70157891e-01 5.61474950e-01 9.78878990e-01
11.0 12.0 f 7.82712000e+00 7.87230721e-01 5.83658949e-01 9.88441748e-01
11.0 12.0 f 8.16525000e+00 8.03496207e-01 6.03710847e-01 9.95863144e-01
11.0 12.0 f 8.50339000e+00 8.18609340e-01 6.23602886e-01 1.00432077e+00
11.0 12.0 f 8.84153000e+00 8.31970172e-01 6.41066750e-01 1.01207551e+00
11.0 12.0 f 9.17966000e+00 8.44274681e-01 6.59233048e-01 1.01776109e+00
11.0 12.0 f 9.51780000e+00 8.56211806e-01 6.76157936e-01 1.02384796e+00
11.0 12.0 f 9.85593000e+00 8.67181791e-01 6.91897700e-01 1.02917699e+00
11.0 12.0 f 1.01941000e+01 8.76689023e-01 7.07651282e-01 1.03379667e+00
11.0 12.0 f 1.05322000e+01 8.85613169e-01 7.23047622e-01 1.03679996e+00
11.0 12.0 f 1.08703000e+01 8.94000691e-01 7.37026086e-01 1.03958868e+00
11.0 12.0 f 1.12085000e+01 9.01747763e-01 7.49586990e-01 1.04259405e+00
11.0 12.0 f 1.15466000e+01 9.08412967e-01 7.62395987e-01 1.04550707e+00
11.0 12.0 f 1.18847000e+01 9.14463202e-01 7.75078592e-01 1.04609320e+00
11.0 12.0 f 1.22229000e+01 9.20905668e-01 7.86232712e-01 1.04776943e+00
11.0 12.0 f 1.25610000e+01 9.26487926e-01 7.96138514e-01 1.04989038e+00
11.0 12.0 f 1.28992000e+01 9.31710723e-01 8.06864147e-01 1.05107709e+00
11.0 12.0 f 1.32373000e+01 9.35671573e-01 8.16565719e-01 1.05278788e+00
11.0 12.0 f 1.35754000e+01 9.40638989e-01 8.25643766e-01 1.05375210e+00
11.0 12.0 f 1.39136000e+01 9.45036314e-01 8.33774448e-01 1.05468545e+00
11.0 12.0 f 1.42517000e+01 9.48872737e-01 8.42122164e-01 1.05488753e+00
11.0 12.0 f 1.45898000e+01 9.52562740e-01 8.49374510e-01 1.05605528e+00
11.0 12.0 f 1.49280000e+01 9.55717957e-01 8.57354525e-01 1.05582367e+00
11.0 12.0 f 1.52661000e+01 9.58501036e-01 8.64242593e-01 1.05661346e+00
11.0 12.0 f 1.56042000e+01 9.61376785e-01 8.71011686e-01 1.05744223e+00
11.0 12.0 f 1.59424000e+01 9.63824109e-01 8.76330450e-01 1.05810220e+00
11.0 12.0 f 1.62805000e+01 9.65929404e-01 8.82239968e-01 1.05819240e+00
11.0 12.0 f 1.66186000e+01 9.68396695e-01 8.87499212e-01 1.05872319e+00
11.0 12.0 f 1.69568000e+01 9.70431125e-01 8.92493504e-01 1.05896735e+00
11.0 12.0 f 1.72949000e+01 9.72343854e-01 8.95995124e-01 1.05974668e+00
11.0 12.0 f 1.76331000e+01 9.74261020e-01 8.99612487e-01 1.05838173e+00
11.0 12.0 f 1.79712000e+01 9.75969076e-01 9.03868778e-01 1.05839492e+00
11.0 12.0 f 1.83093000e+01 9.77390566e-01 9.07667614e-01 1.05840582e+00
11.0 12.0 f 1.86475000e+01 9.78949285e-01 9.11181657e-01 1.05835619e+00
11.0 12.0 f 1.89856000e+01 9.80129528e-01 9.14765299e-01 1.05814023e+00
11.0 12.0 f 1.93237000e+01 9.81452262e-01 9.18020918e-01 1.05830649e+00
11.0 12.0 f 1.96619000e+01 9.82705082e-01 9.20871503e-01 1.05786292e+00
11.0 12.0 f 2.00000000e+01 9.83887797e-01 9.23327702e-01 1.05750080e+00
11.0 12.0 n 5.00000000e-02 6.83893345e-01 3.64146011e-01 1.18322799e+00
11.0 12.0 n 3.88136000e-01 2.07259842e-01 1.31645962e-01 3.30916991e-01
11.0 12.0 n 7.26271000e-01 1.81865189e-01 1.15412562e-01 2.98481523e-01
11.0 12.0 n 1.06441000e+00 1.94882395e-01 1.21846890e-01 3.27338915e-01
11.0 12.0 n 1.40254000e+00 2.19335477e-01 1.36190918e-01 3.72468157e-01
11.0 12.0 n 1.74068000e+00 2.50152364e-01 1.53237843e-01 4.23814896e-01
11.0 12.0 n 2.07881000e+00 2.84895740e-01 1.72939896e-01 4.77895546e-01
11.0 12.0 n 2.41695000e+00 3.21276801e-01 1.94436482e-01 5.30198358e-01
11.0 12.0 n 2.75508000e+00 3.58300924e-01 2.17408506e-01 5.79548553e-01
11.0 12.0 n 3.09322000e+00 3.96647457e-01 2.41275035e-01 6.29229197e-01
11.0 12.0 n 3.43136000e+00 4.34647784e-01 2.66121490e-01 6.73218357e-01
11.0 12.0 n 3.76949000e+00 4.71324996e-01 2.91759341e-01 7.13916585e-01
11.0 12.0 n 4.10763000e+00 5.07193386e-01 3.17262929e-01 7.49750019e-01
11.0 12.0 n 4.44576000e+00 5.40711382e-01 3.42701515e-01 7.82543724e-01
11.0 12.0 n 4.78390000e+00 5.72031483e-01 3.68648543e-01 8.11724567e-01
11.0 12.0 n 5.12203000e+00 6.02491337e-01 3.94251868e-01 8.37953662e-01
11.0 12.0 n 5.46017000e+00 6.31421756e-01 4.18926034e-01 8.62591838e-01
11.0 12.0 n 5.79831000e+00 6.58444149e-01 4.43869025e-01 8.83584698e-01
11.0 12.0 n 6.13644000e+00 6.83691905e-01 4.68810723e-01 9.03558441e-01
11.0 12.0 n 6.47458000e+00 7.07059322e-01 4.92852413e-01 9.19604041e-01
11.0 12.0 n 6.81271000e+00 7.28576509e-01 5.16014879e-01 9.34230815e-01
11.0 12.0 n 7.15085000e+00 7.48673285e-01 5.38517658e-01 9.47557546e-01
11.0 12.0 n 7.48898000e+00 7.67406949e-01 5.59826673e-01 9.58496535e-01
11.0 12.0 n 7.82712000e+00 7.85381568e-01 5.81025074e-01 9.68208757e-01
11.0 12.0 n 8.16525000e+00 8.01410118e-01 6.01694039e-01 9.76526618e-01
11.0 12.0 n 8.50339000e+00 8.16256143e-01 6.22338156e-01 9.84254040e-01
11.0 12.0 n 8.84153000e+00 8.29870265e-01 6.41373030e-01 9.91199409e-01
11.0 12.0 n 9.17966000e+00 8.42916768e-01 6.58736547e-01 9.97192280e-01
11.0 12.0 n 9.51780000e+00 8.54365823e-01 6.77079121e-01 1.00246484e+00
11.0 12.0 n 9.85593000e+00 8.65489455e-01 6.93943095e-01 1.00845536e+00
11.0 12.0 n 1.01941000e+01 8.75383656e-01 7.10394238e-01 1.01361344e+00
11.0 12.0 n 1.05322000e+01 8.84376766e-01 7.24984057e-01 1.01743218e+00
11.0 12.0 n 1.08703000e+01 8.92971686e-01 7.39594097e-01 1.02033969e+00
11.0 12.0 n 1.12085000e+01 9.01583847e-01 7.53674612e-01 1.02325873e+00
11.0 12.0 n 1.15466000e+01 9.08488523e-01 7.66952092e-01 1.02663655e+00
11.0 12.0 n 1.18847000e+01 9.15201900e-01 7.78526461e-01 1.02844013e+00
11.0 12.0 n 1.22229000e+01 9.21556640e-01 7.89533717e-01 1.02963667e+00
11.0 12.0 n 1.25610000e+01 9.26900060e-01 8.00495588e-01 1.03132780e+00
11.0 12.0 n 1.28992000e+01 9.32296535e-01 8.10588948e-01 1.03349699e+00
11.0 12.0 n 1.32373000e+01 9.36916977e-01 8.20368485e-01 1.03526336e+00
11.0 12.0 n 1.35754000e+01 9.42100158e-01 8.29009043e-01 1.03650540e+00
11.0 12.0 n 1.39136000e+01 9.46604351e-01 8.37554522e-01 1.03792119e+00
11.0 12.0 n 1.42517000e+01 9.49955113e-01 8.46215617e-01 1.03981503e+00
11.0 12.0 n 1.45898000e+01 9.53896757e-01 8.53889352e-01 1.04015896e+00
11.0 12.0 n 1.49280000e+01 9.56986306e-01 8.61581405e-01 1.04057451e+00
11.0 12.0 n 1.52661000e+01 9.60131698e-01 8.68257955e-01 1.04050162e+00
11.0 12.0 n 1.56042000e+01 9.62650395e-01 8.74853308e-01 1.04138008e+00
11.0 12.0 n 1.59424000e+01 9.64893681e-01 8.80454898e-01 1.04224378e+00
11.0 12.0 n 1.62805000e+01 9.67473799e-01 8.86460573e-01 1.04260299e+00
11.0 12.0 n 1.66186000e+01 9.69601659e-01 8.92040613e-01 1.04257529e+00
11.0 12.0 n 1.69568000e+01 9.71715574e-01 8.96208861e-01 1.04259912e+00
11.0 12.0 n 1.72949000e+01 9.73302691e-01 9.00479604e-01 1.04364258e+00
11.0 12.0 n 1.76331000e+01 9.75314745e-01 9.04211378e-01 1.04322398e+00
11.0 12.0 n 1.79712000e+01 9.76853752e-01 9.08545760e-01 1.04374247e+00
11.0 12.0 n 1.83093000e+01 9.78401569e-01 9.12688781e-01 1.04429406e+00
11.0 12.0 n 1.86475000e+01 9.79668904e-01 9.16104513e-01 1.04465650e+00
11.0 12.0 n 1.89856000e+01 9.80820053e-01 9.19352590e-01 1.04467538e+00
11.0 12.0 n 1.93237000e+01 9.82139047e-01 9.22667222e-01 1.04410428e+00
11.0 12.0 n 1.96619000e+01 9.83311874e-01 9.25669996e-01 1.04432980e+00
11.0 12.0 n 2.00000000e+01 9.84269443e-01 9.28719486e-01 1.04387203e+00
12.0 13.0 f 5.00000000e-02 1.63566668e+00 1.09862054e+00 2.14919822e+00
12.0 13.0 f 3.88136000e-01 4.64702749e-01 2.64235884e-01 7.69113357e-01
12.0 13.0 f 7.26271000e-01 5.14241155e-01 2.70612955e-01 7.78271587e-01
12.0 13.0 f 1.06441000e+00 5.89597435e-01 3.20689881e-01 8.15332929e-01
12.0 13.0 f 1.40254000e+00 6.53228197e-01 3.83098077e-01 8.49156146e-01
12.0 13.0 f 1.74068000e+00 7.01925582e-01 4.44305151e-01 8.71947134e-01
12.0 13.0 f 2.07881000e+00 7.41098812e-01 5.01309095e-01 8.91575805e-01
12.0 13.0 f 2.41695000e+00 7.74693080e-01 5.58015868e-01 9.09036810e-01
12.0 13.0 f 2.75508000e+00 8.04229580e-01 6.05435396e-01 9.23906541e-01
12.0 13.0 f 3.09322000e+00 8.25163745e-01 6.41995985e-01 9.38417698e-01
12.0 13.0 f 3.43136000e+00 8.46414141e-01 6.77240628e-01 9.48377568e-01
12.0 13.0 f 3.76949000e+00 8.63622047e-01 7.10232604e-01 9.57241497e-01
12.0 13.0 f 4.10763000e+00 8.80048786e-01 7.39463649e-01 9.65922115e-01
12.0 13.0 f 4.44576000e+00 8.93202918e-01 7.65198589e-01 9.73841977e-01
12.0 13.0 f 4.78390000e+00 9.04627125e-01 7.88333063e-01 9.81164174e-01
12.0 13.0 f 5.12203000e+00 9.13989140e-01 8.07212768e-01 9.87205979e-01
12.0 13.0 f 5.46017000e+00 9.22409369e-01 8.22586036e-01 9.94008096e-01
12.0 13.0 f 5.79831000e+00 9.31438862e-01 8.38678225e-01 9.97692457e-01
12.0 13.0 f 6.13644000e+00 9.38676059e-01 8.52317068e-01 1.00163359e+00
12.0 13.0 f 6.47458000e+00 9.45274264e-01 8.64211471e-01 1.00570600e+00
12.0 13.0 f 6.81271000e+00 9.51567013e-01 8.74979382e-01 1.00839470e+00
12.0 13.0 f 7.15085000e+00 9.55695455e-01 8.84256143e-01 1.01207374e+00
12.0 13.0 f 7.48898000e+00 9.60183611e-01 8.93399984e-01 1.01408199e+00
12.0 13.0 f 7.82712000e+00 9.63713565e-01 8.99629411e-01 1.01581223e+00
12.0 13.0 f 8.16525000e+00 9.67180132e-01 9.06348492e-01 1.01746907e+00
12.0 13.0 f 8.50339000e+00 9.70575201e-01 9.12619817e-01 1.01694424e+00
12.0 13.0 f 8.84153000e+00 9.73739609e-01 9.18837707e-01 1.01896555e+00
12.0 13.0 f 9.17966000e+00 9.76071254e-01 9.24536405e-01 1.02075664e+00
12.0 13.0 f 9.51780000e+00 9.78098395e-01 9.29971735e-01 1.02040054e+00
12.0 13.0 f 9.85593000e+00 9.80143663e-01 9.33412821e-01 1.02259032e+00
12.0 13.0 f 1.01941000e+01 9.81976589e-01 9.37863517e-01 1.02380435e+00
12.0 13.0 f 1.05322000e+01 9.83512744e-01 9.42425771e-01 1.02472699e+00
12.0 13.0 f 1.08703000e+01 9.84640503e-01 9.45482106e-01 1.02462437e+00
12.0 13.0 f 1.12085000e+01 9.85833297e-01 9.48844341e-01 1.02492603e+00
12.0 13.0 f 1.15466000e+01 9.86798028e-01 9.51982507e-01 1.02576608e+00
12.0 13.0 f 1.18847000e+01 9.87895553e-01 9.54483139e-01 1.02553003e+00
12.0 13.0 f 1.22229000e+01 9.88938565e-01 9.56283865e-01 1.02639353e+00
12.0 13.0 f 1.25610000e+01 9.89397669e-01 9.57985012e-01 1.02625668e+00
12.0 13.0 f 1.28992000e+01 9.89830150e-01 9.60484123e-01 1.02690151e+00
12.0 13.0 f 1.32373000e+01 9.90744680e-01 9.62012671e-01 1.02642675e+00
12.0 13.0 f 1.35754000e+01 9.91311729e-01 9.63891805e-01 1.02681828e+00
12.0 13.0 f 1.39136000e+01 9.91675183e-01 9.65564429e-01 1.02578490e+00
12.0 13.0 f 1.42517000e+01 9.92122750e-01 9.66798677e-01 1.02679540e+00
12.0 13.0 f 1.45898000e+01 9.92828106e-01 9.68217377e-01 1.02597405e+00
12.0 13.0 f 1.49280000e+01 9.93122977e-01 9.69291132e-01 1.02402043e+00
12.0 13.0 f 1.52661000e+01 9.93260841e-01 9.70065960e-01 1.02329143e+00
12.0 13.0 f 1.56042000e+01 9.93563001e-01 9.70381367e-01 1.02216589e+00
12.0 13.0 f 1.59424000e+01 9.94156736e-01 9.70566073e-01 1.02133395e+00
12.0 13.0 f 1.62805000e+01 9.94488623e-01 9.71580056e-01 1.02106609e+00
12.0 13.0 f 1.66186000e+01 9.94726510e-01 9.72331938e-01 1.01992597e+00
12.0 13.0 f 1.69568000e+01 9.94408694e-01 9.72479373e-01 1.01988825e+00
12.0 13.0 f 1.72949000e+01 9.94494011e-01 9.73513385e-01 1.02000881e+00
12.0 13.0 f 1.76331000e+01 9.94680936e-01 9.74228123e-01 1.01966139e+00
12.0 13.0 f 1.79712000e+01 9.94947410e-01 9.74826358e-01 1.01934795e+00
12.0 13.0 f 1.83093000e+01 9.95589317e-01 9.75856757e-01 1.02007232e+00
12.0 13.0 f 1.86475000e+01 9.95656633e-01 9.77027936e-01 1.01985681e+00
12.0 13.0 f 1.89856000e+01 9.95792849e-01 9.77556383e-01 1.01946794e+00
12.0 13.0 f 1.93237000e+01 9.96160550e-01 9.78194678e-01 1.01972205e+00
12.0 13.0 f 1.96619000e+01 9.96427658e-01 9.78060870e-01 1.01984464e+00
12.0 13.0 f 2.00000000e+01 9.96724366e-01 9.79046075e-01 1.01888593e+00
12.0 13.0 n 5.00000000e-02 2.00164521e+00 1.55748927e+00 2.58973147e+00
12.0 13.0 n 3.88136000e-01 7.11286393e-01 4.75536689e-01 1.00608727e+00
12.0 13.0 n 7.26271000e-01 7.26781107e-01 5.07949991e-01 9.32400614e-01
12.0 13.0 n 1.06441000e+00 7.66851182e-01 5.69322628e-01 9.29944796e-01
12.0 13.0 n 1.40254000e+00 7.99874534e-01 6.22321936e-01 9.34909296e-01
12.0 13.0 n 1.74068000e+00 8.20810791e-01 6.58615227e-01 9.35266348e-01
12.0 13.0 n 2.07881000e+00 8.37560480e-01 6.88811257e-01 9.42213809e-01
12.0 13.0 n 2.41695000e+00 8.53224372e-01 7.16154927e-01 9.46980355e-01
12.0 13.0 n 2.75508000e+00 8.69163231e-01 7.39250419e-01 9.54218566e-01
12.0 13.0 n 3.09322000e+00 8.82306207e-01 7.60781615e-01 9.62177410e-01
12.0 13.0 n 3.43136000e+00 8.93318977e-01 7.80992801e-01 9.69157008e-01
12.0 13.0 n 3.76949000e+00 9.03997261e-01 7.98637941e-01 9.75067033e-01
12.0 13.0 n 4.10763000e+00 9.12685865e-01 8.14510879e-01 9.79556267e-01
12.0 13.0 n 4.44576000e+00 9.20838669e-01 8.27549269e-01 9.87306572e-01
12.0 13.0 n 4.78390000e+00 9.27947700e-01 8.40092171e-01 9.90110125e-01
12.0 13.0 n 5.12203000e+00 9.34230561e-01 8.50646916e-01 9.94036683e-01
12.0 13.0 n 5.46017000e+00 9.40817040e-01 8.62489280e-01 9.97916970e-01
12.0 13.0 n 5.79831000e+00 9.47691670e-01 8.73968125e-01 1.00094307e+00
12.0 13.0 n 6.13644000e+00 9.51937313e-01 8.82802390e-01 1.00263984e+00
12.0 13.0 n 6.47458000e+00 9.56529612e-01 8.91633866e-01 1.00428426e+00
12.0 13.0 n 6.81271000e+00 9.60457628e-01 8.99524317e-01 1.00592094e+00
12.0 13.0 n 7.15085000e+00 9.64118790e-01 9.06876559e-01 1.00822324e+00
12.0 13.0 n 7.48898000e+00 9.66644840e-01 9.14447165e-01 1.00996819e+00
12.0 13.0 n 7.82712000e+00 9.69750806e-01 9.19543064e-01 1.01179807e+00
12.0 13.0 n 8.16525000e+00 9.73382747e-01 9.24611200e-01 1.01218923e+00
12.0 13.0 n 8.50339000e+00 9.75601502e-01 9.30135967e-01 1.01392581e+00
12.0 13.0 n 8.84153000e+00 9.77698304e-01 9.34091176e-01 1.01565218e+00
12.0 13.0 n 9.17966000e+00 9.79690518e-01 9.38634795e-01 1.01578618e+00
12.0 13.0 n 9.51780000e+00 9.81716327e-01 9.41959759e-01 1.01652297e+00
12.0 13.0 n 9.85593000e+00 9.83227888e-01 9.45558929e-01 1.01770620e+00
12.0 13.0 n 1.01941000e+01 9.84298791e-01 9.49660432e-01 1.01871543e+00
12.0 13.0 n 1.05322000e+01 9.85487147e-01 9.52052104e-01 1.01771165e+00
12.0 13.0 n 1.08703000e+01 9.86515708e-01 9.55163395e-01 1.01819243e+00
12.0 13.0 n 1.12085000e+01 9.87904490e-01 9.57297087e-01 1.01835945e+00
12.0 13.0 n 1.15466000e+01 9.89198891e-01 9.59593997e-01 1.01874604e+00
12.0 13.0 n 1.18847000e+01 9.89741600e-01 9.61358530e-01 1.01858238e+00
12.0 13.0 n 1.22229000e+01 9.90762935e-01 9.64217989e-01 1.01927582e+00
12.0 13.0 n 1.25610000e+01 9.91023133e-01 9.65698300e-01 1.01875897e+00
12.0 13.0 n 1.28992000e+01 9.91535290e-01 9.67428795e-01 1.01886666e+00
12.0 13.0 n 1.32373000e+01 9.91985583e-01 9.69016862e-01 1.01895236e+00
12.0 13.0 n 1.35754000e+01 9.92540082e-01 9.70495652e-01 1.01847728e+00
12.0 13.0 n 1.39136000e+01 9.93030814e-01 9.71792778e-01 1.01879643e+00
12.0 13.0 n 1.42517000e+01 9.93679631e-01 9.73076467e-01 1.01864824e+00
12.0 13.0 n 1.45898000e+01 9.93938372e-01 9.73827144e-01 1.01785015e+00
12.0 13.0 n 1.49280000e+01 9.94450022e-01 9.74729504e-01 1.01773104e+00
12.0 13.0 n 1.52661000e+01 9.94563609e-01 9.75373947e-01 1.01763597e+00
12.0 13.0 n 1.56042000e+01 9.95031523e-01 9.76563191e-01 1.01690690e+00
12.0 13.0 n 1.59424000e+01 9.95033931e-01 9.76750433e-01 1.01646694e+00
12.0 13.0 n 1.62805000e+01 9.95247478e-01 9.76858442e-01 1.01602546e+00
12.0 13.0 n 1.66186000e+01 9.95389969e-01 9.77100132e-01 1.01624953e+00
12.0 13.0 n 1.69568000e+01 9.95552490e-01 9.77831731e-01 1.01627805e+00
12.0 13.0 n 1.72949000e+01 9.95396815e-01 9.78011112e-01 1.01607661e+00
12.0 13.0 n 1.76331000e+01 9.95606051e-01 9.79033842e-01 1.01566777e+00
12.0 13.0 n 1.79712000e+01 9.95660056e-01 9.79547900e-01 1.01553923e+00
12.0 13.0 n 1.83093000e+01 9.96153514e-01 9.80681682e-01 1.01529304e+00
12.0 13.0 n 1.86475000e+01 9.96424995e-01 9.81154032e-01 1.01547381e+00
12.0 13.0 n 1.89856000e+01 9.96519567e-01 9.81622580e-01 1.01501053e+00
12.0 13.0 n 1.93237000e+01 9.96648684e-01 9.82391006e-01 1.01516671e+00
12.0 13.0 n 1.96619000e+01 9.96902987e-01 9.82585980e-01 1.01477758e+00
12.0 13.0 n 2.00000000e+01 9.97113238e-01 9.83207224e-01 1.01430492e+00
13.0 14.0 f 5.00000000e-02 1.61297514e+00 1.25233249e+00 2.16102068e+00
13.0 14.0 f 3.88136000e-01 7.87766902e-01 5.89996189e-01 9.55498008e-01
13.0 14.0 f 7.26271000e-01 8.64482762e-01 7.36832633e-01 9.54745873e-01
13.0 14.0 f 1.06441000e+00 9.02731637e-01 8.18482631e-01 9.67682274e-01
13.0 14.0 f 1.40254000e+00 9.23859065e-01 8.60298667e-01 9.74495991e-01
13.0 14.0 f 1.74068000e+00 9.30393694e-01 8.79913837e-01 9.72443433e-01
13.0 14.0 f 2.07881000e+00 9.34804202e-01 8.90500846e-01 9.70007011e-01
13.0 14.0 f 2.41695000e+00 9.40393940e-01 9.02478791e-01 9.70457937e-01
13.0 14.0 f 2.75508000e+00 9.48018804e-01 9.16352351e-01 9.73095546e-01
13.0 14.0 f 3.09322000e+00 9.54921895e-01 9.24286221e-01 9.78823211e-01
13.0 14.0 f 3.43136000e+00 9.61204566e-01 9.34612461e-01 9.83604209e-01
13.0 14.0 f 3.76949000e+00 9.66585637e-01 9.42946802e-01 9.87814419e-01
13.0 14.0 f 4.10763000e+00 9.71368791e-01 9.49937301e-01 9.92730175e-01
13.0 14.0 f 4.44576000e+00 9.75505156e-01 9.54164942e-01 9.96509489e-01
13.0 14.0 f 4.78390000e+00 9.77541297e-01 9.57430577e-01 9.96315718e-01
13.0 14.0 f 5.12203000e+00 9.79851518e-01 9.60713960e-01 9.98229652e-01
13.0 14.0 f 5.46017000e+00 9.82170677e-01 9.63195006e-01 9.99567915e-01
13.0 14.0 f 5.79831000e+00 9.84644243e-01 9.66159938e-01 1.00162954e+00
13.0 14.0 f 6.13644000e+00 9.85571894e-01 9.68583493e-01 1.00175504e+00
13.0 14.0 f 6.47458000e+00 9.86743326e-01 9.69599440e-01 1.00413587e+00
13.0 14.0 f 6.81271000e+00 9.87514541e-01 9.71643505e-01 1.00536987e+00
13.0 14.0 f 7.15085000e+00 9.89155915e-01 9.71211531e-01 1.00543300e+00
13.0 14.0 f 7.48898000e+00 9.89520193e-01 9.72994572e-01 1.00634531e+00
13.0 14.0 f 7.82712000e+00 9.89259614e-01 9.73477952e-01 1.00603047e+00
13.0 14.0 f 8.16525000e+00 9.89664459e-01 9.74664280e-01 1.00751770e+00
13.0 14.0 f 8.50339000e+00 9.90882353e-01 9.76065930e-01 1.00692694e+00
13.0 14.0 f 8.84153000e+00 9.91508288e-01 9.78126728e-01 1.00581984e+00
13.0 14.0 f 9.17966000e+00 9.92071154e-01 9.80159383e-01 1.00521026e+00
13.0 14.0 f 9.51780000e+00 9.92222329e-01 9.80962481e-01 1.00509452e+00
13.0 14.0 f 9.85593000e+00 9.93150296e-01 9.82381751e-01 1.00600658e+00
13.0 14.0 f 1.01941000e+01 9.93575615e-01 9.83059028e-01 1.00626557e+00
13.0 14.0 f 1.05322000e+01 9.93918468e-01 9.83115442e-01 1.00661496e+00
13.0 14.0 f 1.08703000e+01 9.94833632e-01 9.83863584e-01 1.00589515e+00
13.0 14.0 f 1.12085000e+01 9.94488116e-01 9.84572744e-01 1.00520836e+00
13.0 14.0 f 1.15466000e+01 9.95156646e-01 9.84263928e-01 1.00597660e+00
13.0 14.0 f 1.18847000e+01 9.95016690e-01 9.84480264e-01 1.00510035e+00
13.0 14.0 f 1.22229000e+01 9.95828789e-01 9.85094472e-01 1.00527821e+00
13.0 14.0 f 1.25610000e+01 9.95870053e-01 9.85080274e-01 1.00580628e+00
13.0 14.0 f 1.28992000e+01 9.95151195e-01 9.85917473e-01 1.00500439e+00
13.0 14.0 f 1.32373000e+01 9.95322844e-01 9.85715462e-01 1.00489016e+00
13.0 14.0 f 1.35754000e+01 9.95166851e-01 9.85948785e-01 1.00511297e+00
13.0 14.0 f 1.39136000e+01 9.95451263e-01 9.86850575e-01 1.00529653e+00
13.0 14.0 f 1.42517000e+01 9.95774214e-01 9.87142023e-01 1.00425396e+00
13.0 14.0 f 1.45898000e+01 9.96133421e-01 9.87699310e-01 1.00458420e+00
13.0 14.0 f 1.49280000e+01 9.96322881e-01 9.87996843e-01 1.00484383e+00
13.0 14.0 f 1.52661000e+01 9.96793837e-01 9.88558061e-01 1.00562202e+00
13.0 14.0 f 1.56042000e+01 9.96912685e-01 9.88566618e-01 1.00537659e+00
13.0 14.0 f 1.59424000e+01 9.97233481e-01 9.89149703e-01 1.00552333e+00
13.0 14.0 f 1.62805000e+01 9.96820459e-01 9.89437285e-01 1.00495108e+00
13.0 14.0 f 1.66186000e+01 9.96938864e-01 9.89687342e-01 1.00502587e+00
13.0 14.0 f 1.69568000e+01 9.96857223e-01 9.89156422e-01 1.00539750e+00
13.0 14.0 f 1.72949000e+01 9.97050106e-01 9.90042238e-01 1.00519372e+00
13.0 14.0 f 1.76331000e+01 9.97317530e-01 9.90875444e-01 1.00486608e+00
13.0 14.0 f 1.79712000e+01 9.97192851e-01 9.90369182e-01 1.00445585e+00
13.0 14.0 f 1.83093000e+01 9.97131049e-01 9.90712670e-01 1.00404783e+00
13.0 14.0 f 1.86475000e+01 9.97219853e-01 9.90566058e-01 1.00401880e+00
13.0 14.0 f 1.89856000e+01 9.97130099e-01 9.90488791e-01 1.00362606e+00
13.0 14.0 f 1.93237000e+01 9.97088264e-01 9.90325319e-01 1.00333696e+00
13.0 14.0 f 1.96619000e+01 9.96880295e-01 9.90823215e-01 1.00276839e+00
13.0 14.0 f 2.00000000e+01 9.96965105e-01 9.90896045e-01 1.00285770e+00
13.0 14.0 n 5.00000000e-02 2.79706867e+00 2.53234783e+00 2.99341750e+00
13.0 14.0 n 3.88136000e-01 1.08219000e+00 9.93881515e-01 1.14873789e+00
13.0 14.0 n 7.26271000e-01 1.00039326e+00 9.46543691e-01 1.04465231e+00
13.0 14.0 n 1.06441000e+00 9.83274223e-01 9.39159375e-01 1.02027839e+00
13.0 14.0 n 1.40254000e+00 9.77697670e-01 9.34234047e-01 1.01056275e+00
13.0 14.0 n 1.74068000e+00 9.66620499e-01 9.30101993e-01 9.99819493e-01
13.0 14.0 n 2.07881000e+00 9.60938155e-01 9.32162030e-01 9.89658374e-01
13.0 14.0 n 2.41695000e+00 9.59566551e-01 9.36647017e-01 9.83007813e-01
13.0 14.0 n 2.75508000e+00 9.63491144e-01 9.43402038e-01 9.84422963e-01
13.0 14.0 n 3.09322000e+00 9.66747144e-01 9.47796003e-01 9.84983610e-01
13.0 14.0 n 3.43136000e+00 9.71880060e-01 9.54283537e-01 9.88478004e-01
13.0 14.0 n 3.76949000e+00 9.74730709e-01 9.58229364e-01 9.92246415e-01
13.0 14.0 n 4.10763000e+00 9.78097824e-01 9.63278104e-01 9.94615712e-01
13.0 14.0 n 4.44576000e+00 9.80719206e-01 9.66202597e-01 9.95998219e-01
13.0 14.0 n 4.78390000e+00 9.82316527e-01 9.68161851e-01 9.98951742e-01
13.0 14.0 n 5.12203000e+00 9.83919680e-01 9.69840750e-01 9.99494071e-01
13.0 14.0 n 5.46017000e+00 9.86040568e-01 9.71401308e-01 1.00119148e+00
13.0 14.0 n 5.79831000e+00 9.86953323e-01 9.73838807e-01 1.00240386e+00
13.0 14.0 n 6.13644000e+00 9.88519649e-01 9.75537419e-01 1.00319567e+00
13.0 14.0 n 6.47458000e+00 9.89141273e-01 9.76381020e-01 1.00261880e+00
13.0 14.0 n 6.81271000e+00 9.89666868e-01 9.75924389e-01 1.00321165e+00
13.0 14.0 n 7.15085000e+00 9.90594265e-01 9.76810079e-01 1.00425757e+00
13.0 14.0 n 7.48898000e+00 9.91761894e-01 9.79004684e-01 1.00472124e+00
13.0 14.0 n 7.82712000e+00 9.91810004e-01 9.80042753e-01 1.00518054e+00
13.0 14.0 n 8.16525000e+00 9.91466136e-01 9.80537796e-01 1.00425149e+00
13.0 14.0 n 8.50339000e+00 9.92069949e-01 9.81434451e-01 1.00426246e+00
13.0 14.0 n 8.84153000e+00 9.92721238e-01 9.82694243e-01 1.00436261e+00
13.0 14.0 n 9.17966000e+00 9.93358899e-01 9.83065367e-01 1.00358898e+00
13.0 14.0 n 9.51780000e+00 9.93565663e-01 9.84861656e-01 1.00391656e+00
13.0 14.0 n 9.85593000e+00 9.94211945e-01 9.85592874e-01 1.00457457e+00
13.0 14.0 n 1.01941000e+01 9.94550361e-01 9.85799639e-01 1.00432590e+00
13.0 14.0 n 1.05322000e+01 9.94294600e-01 9.85870758e-01 1.00449635e+00
13.0 14.0 n 1.08703000e+01 9.94982779e-01 9.86160938e-01 1.00401202e+00
13.0 14.0 n 1.12085000e+01 9.95114241e-01 9.87452740e-01 1.00367880e+00
13.0 14.0 n 1.15466000e+01 9.95121530e-01 9.86801768e-01 1.00351761e+00
13.0 14.0 n 1.18847000e+01 9.95370446e-01 9.86825537e-01 1.00434777e+00
13.0 14.0 n 1.22229000e+01 9.95702398e-01 9.87425103e-01 1.00498024e+00
13.0 14.0 n 1.25610000e+01 9.95915944e-01 9.87894602e-01 1.00540435e+00
13.0 14.0 n 1.28992000e+01 9.95763311e-01 9.88102444e-01 1.00457818e+00
13.0 14.0 n 1.32373000e+01 9.95926086e-01 9.88617897e-01 1.00448830e+00
13.0 14.0 n 1.35754000e+01 9.96308682e-01 9.89445525e-01 1.00472029e+00
13.0 14.0 n 1.39136000e+01 9.96151486e-01 9.89108566e-01 1.00430822e+00
13.0 14.0 n 1.42517000e+01 9.96677017e-01 9.89894296e-01 1.00448386e+00
13.0 14.0 n 1.45898000e+01 9.97069946e-01 9.89777540e-01 1.00367233e+00
13.0 14.0 n 1.49280000e+01 9.97170475e-01 9.89885612e-01 1.00439373e+00
13.0 14.0 n 1.52661000e+01 9.96984248e-01 9.90066198e-01 1.00444786e+00
13.0 14.0 n 1.56042000e+01 9.97041739e-01 9.89986459e-01 1.00421225e+00
13.0 14.0 n 1.59424000e+01 9.97014356e-01 9.90664116e-01 1.00398958e+00
13.0 14.0 n 1.62805000e+01 9.97123570e-01 9.90798684e-01 1.00434162e+00
13.0 14.0 n 1.66186000e+01 9.97307832e-01 9.90999237e-01 1.00424097e+00
13.0 14.0 n 1.69568000e+01 9.97350808e-01 9.91530980e-01 1.00414152e+00
13.0 14.0 n 1.72949000e+01 9.97160143e-01 9.91349316e-01 1.00390509e+00
13.0 14.0 n 1.76331000e+01 9.97626599e-01 9.91657815e-01 1.00408409e+00
13.0 14.0 n 1.79712000e+01 9.97511427e-01 9.91413019e-01 1.00394920e+00
13.0 14.0 n 1.83093000e+01 9.97609929e-01 9.91535988e-01 1.00396321e+00
13.0 14.0 n 1.86475000e+01 9.97338574e-01 9.91754985e-01 1.00340694e+00
13.0 14.0 n 1.89856000e+01 9.97499574e-01 9.91900899e-01 1.00343388e+00
13.0 14.0 n 1.93237000e+01 9.97639784e-01 9.91993252e-01 1.00316848e+00
13.0 14.0 n 1.96619000e+01 9.97491271e-01 9.92152541e-01 1.00316240e+00
13.0 14.0 n 2.00000000e+01 9.97524802e-01 9.92412613e-01 1.00359519e+00
14.0 15.0 f 5.00000000e-02 1.49997004e+00 1.23517200e+00 1.95829378e+00
14.0 15.0 f 3.88136000e-01 9.50241046e-01 8.93665824e-01 9.98008435e-01
14.0 15.0 f 7.26271000e-01 9.56801854e-01 9.28569578e-01 9.98126333e-01
14.0 15.0 f 1.06441000e+00 9.69429503e-01 9.38096459e-01 1.00589464e+00
14.0 15.0 f 1.40254000e+00 9.62183496e-01 9.38027813e-01 1.00177057e+00
14.0 15.0 f 1.74068000e+00 9.58530510e-01 9.35321113e-01 9.90231382e-01
14.0 15.0 f 2.07881000e+00 9.56230177e-01 9.40713087e-01 9.79738184e-01
14.0 15.0 f 2.41695000e+00 9.60817659e-01 9.48478605e-01 9.79119222e-01
14.0 15.0 f 2.75508000e+00 9.64638743e-01 9.54241259e-01 9.77619452e-01
14.0 15.0 f 3.09322000e+00 9.70718770e-01 9.60337322e-01 9.80187399e-01
14.0 15.0 f 3.43136000e+00 9.75265051e-01 9.61204439e-01 9.84841626e-01
14.0 15.0 f 3.76949000e+00 9.78081914e-01 9.65739437e-01 9.86347926e-01
14.0 15.0 f 4.10763000e+00 9.81659154e-01 9.69153141e-01 9.89058491e-01
14.0 15.0 f 4.44576000e+00 9.82879900e-01 9.73028230e-01 9.90634071e-01
14.0 15.0 f 4.78390000e+00 9.84030922e-01 9.79210244e-01 9.91846134e-01
14.0 15.0 f 5.12203000e+00 9.86169938e-01 9.79757834e-01 9.92066590e-01
14.0 15.0 f 5.46017000e+00 9.87132198e-01 9.80400756e-01 9.92085859e-01
14.0 15.0 f 5.79831000e+00 9.87726883e-01 9.81541890e-01 9.92369827e-01
14.0 15.0 f 6.13644000e+00 9.90776563e-01 9.83059155e-01 9.94300685e-01
14.0 15.0 f 6.47458000e+00 9.91397616e-01 9.84251505e-01 9.95636920e-01
14.0 15.0 f 6.81271000e+00 9.92199763e-01 9.84144573e-01 9.95991563e-01
14.0 15.0 f 7.15085000e+00 9.92027988e-01 9.85493105e-01 9.96057738e-01
14.0 15.0 f 7.48898000e+00 9.94344231e-01 9.86777174e-01 9.97933133e-01
14.0 15.0 f 7.82712000e+00 9.94113950e-01 9.85545208e-01 9.98881321e-01
14.0 15.0 f 8.16525000e+00 9.93839109e-01 9.86549683e-01 9.98336393e-01
14.0 15.0 f 8.50339000e+00 9.93649776e-01 9.88234857e-01 9.99079591e-01
14.0 15.0 f 8.84153000e+00 9.93636845e-01 9.87993927e-01 9.98580428e-01
14.0 15.0 f 9.17966000e+00 9.94382009e-01 9.89089233e-01 9.98458728e-01
14.0 15.0 f 9.51780000e+00 9.93849948e-01 9.89577304e-01 9.98548292e-01
14.0 15.0 f 9.85593000e+00 9.94035098e-01 9.89260121e-01 9.99021910e-01
14.0 15.0 f 1.01941000e+01 9.94600943e-01 9.88684642e-01 9.98413027e-01
14.0 15.0 f 1.05322000e+01 9.95859087e-01 9.91848226e-01 9.99375603e-01
14.0 15.0 f 1.08703000e+01 9.96311788e-01 9.91979434e-01 9.99771003e-01
14.0 15.0 f 1.12085000e+01 9.95676726e-01 9.91195606e-01 9.99450715e-01
14.0 15.0 f 1.15466000e+01 9.94839527e-01 9.91099069e-01 9.99685559e-01
14.0 15.0 f 1.18847000e+01 9.95227892e-01 9.91313440e-01 9.98074166e-01
14.0 15.0 f 1.22229000e+01 9.94426822e-01 9.91681775e-01 9.97294775e-01
14.0 15.0 f 1.25610000e+01 9.94243447e-01 9.91526543e-01 9.97646122e-01
14.0 15.0 f 1.28992000e+01 9.94842316e-01 9.91320096e-01 9.97472382e-01
14.0 15.0 f 1.32373000e+01 9.95328865e-01 9.92136314e-01 9.97811559e-01
14.0 15.0 f 1.35754000e+01 9.95379384e-01 9.92464336e-01 9.98272627e-01
14.0 15.0 f 1.39136000e+01 9.96009248e-01 9.91582449e-01 9.98689325e-01
14.0 15.0 f 1.42517000e+01 9.96231415e-01 9.91224890e-01 9.98844747e-01
14.0 15.0 f 1.45898000e+01 9.96105341e-01 9.91138242e-01 9.99234886e-01
14.0 15.0 f 1.49280000e+01 9.96762144e-01 9.91752894e-01 1.00073770e+00
14.0 15.0 f 1.52661000e+01 9.97413306e-01 9.93325938e-01 1.00092862e+00
14.0 15.0 f 1.56042000e+01 9.96861787e-01 9.93760321e-01 9.99956470e-01
14.0 15.0 f 1.59424000e+01 9.96773490e-01 9.92785511e-01 1.00076977e+00
14.0 15.0 f 1.62805000e+01 9.96524511e-01 9.93386535e-01 9.99980367e-01
14.0 15.0 f 1.66186000e+01 9.96949069e-01 9.93983375e-01 1.00073263e+00
14.0 15.0 f 1.69568000e+01 9.97368176e-01 9.95016183e-01 1.00100272e+00
14.0 15.0 f 1.72949000e+01 9.97153298e-01 9.93927976e-01 1.00142328e+00
14.0 15.0 f 1.76331000e+01 9.97268343e-01 9.93444850e-01 1.00065181e+00
14.0 15.0 f 1.79712000e+01 9.97561692e-01 9.92670149e-01 1.00060161e+00
14.0 15.0 f 1.83093000e+01 9.97902074e-01 9.92656141e-01 1.00036087e+00
14.0 15.0 f 1.86475000e+01 9.97251673e-01 9.94240658e-01 1.00018041e+00
14.0 15.0 f 1.89856000e+01 9.97314678e-01 9.94117563e-01 1.00068281e+00
14.0 15.0 f 1.93237000e+01 9.97100561e-01 9.93613900e-01 1.00002816e+00
14.0 15.0 f 1.96619000e+01 9.96952175e-01 9.93764695e-01 9.99886175e-01
14.0 15.0 f 2.00000000e+01 9.97089659e-01 9.94398742e-01 9.98967652e-01
14.0 15.0 n 5.00000000e-02 2.55604143e+00 2.26805750e+00 2.85417811e+00
14.0 15.0 n 3.88136000e-01 1.05039481e+00 9.81906168e-01 1.08495577e+00
14.0 15.0 n 7.26271000e-01 9.92805985e-01 9.67460044e-01 1.02467299e+00
14.0 15.0 n 1.06441000e+00 9.84422646e-01 9.57632904e-01 1.01842772e+00
14.0 15.0 n 1.40254000e+00 9.79527870e-01 9.50296318e-01 1.00770342e+00
14.0 15.0 n 1.74068000e+00 9.64896343e-01 9.46984666e-01 9.90810347e-01
14.0 15.0 n 2.07881000e+00 9.63505596e-01 9.50224629e-01 9.78429078e-01
14.0 15.0 n 2.41695000e+00 9.65420543e-01 9.54079181e-01 9.80707987e-01
14.0 15.0 n 2.75508000e+00 9.70143797e-01 9.58963562e-01 9.80392896e-01
14.0 15.0 n 3.09322000e+00 9.73781570e-01 9.61730477e-01 9.80894404e-01
14.0 15.0 n 3.43136000e+00 9.78676346e-01 9.68159506e-01 9.84706805e-01
14.0 15.0 n 3.76949000e+00 9.81307363e-01 9.70480503e-01 9.86777808e-01
14.0 15.0 n 4.10763000e+00 9.82468970e-01 9.74221024e-01 9.88960370e-01
14.0 15.0 n 4.44576000e+00 9.84915724e-01 9.75947842e-01 9.89347594e-01
14.0 15.0 n 4.78390000e+00 9.86158909e-01 9.78076083e-01 9.91157638e-01
14.0 15.0 n 5.12203000e+00 9.88113917e-01 9.82714020e-01 9.92412106e-01
14.0 15.0 n 5.46017000e+00 9.88203037e-01 9.83725530e-01 9.93235614e-01
14.0 15.0 n 5.79831000e+00 9.88982048e-01 9.84372572e-01 9.94245602e-01
14.0 15.0 n 6.13644000e+00 9.91503027e-01 9.84403694e-01 9.94782987e-01
14.0 15.0 n 6.47458000e+00 9.91580738e-01 9.85574429e-01 9.95537151e-01
14.0 15.0 n 6.81271000e+00 9.91901470e-01 9.86967902e-01 9.94692155e-01
14.0 15.0 n 7.15085000e+00 9.91880679e-01 9.86596335e-01 9.96493642e-01
14.0 15.0 n 7.48898000e+00 9.93863133e-01 9.89163205e-01 9.98190226e-01
14.0 15.0 n 7.82712000e+00 9.93876887e-01 9.89339100e-01 9.98702002e-01
14.0 15.0 n 8.16525000e+00 9.94995963e-01 9.88804758e-01 9.98385454e-01
14.0 15.0 n 8.50339000e+00 9.95338436e-01 9.89815508e-01 9.98758859e-01
14.0 15.0 n 8.84153000e+00 9.93803613e-01 9.88728695e-01 9.97792987e-01
14.0 15.0 n 9.17966000e+00 9.95191001e-01 9.89298723e-01 9.98158343e-01
14.0 15.0 n 9.51780000e+00 9.94971623e-01 9.90615119e-01 9.99434298e-01
14.0 15.0 n 9.85593000e+00 9.95147519e-01 9.89992988e-01 9.99358996e-01
14.0 15.0 n 1.01941000e+01 9.94984997e-01 9.91266535e-01 1.00023917e+00
14.0 15.0 n 1.05322000e+01 9.95778460e-01 9.91999084e-01 9.98833021e-01
14.0 15.0 n 1.08703000e+01 9.96249797e-01 9.92609172e-01 9.99784758e-01
14.0 15.0 n 1.12085000e+01 9.95555659e-01 9.92047637e-01 9.99555238e-01
14.0 15.0 n 1.15466000e+01 9.95455954e-01 9.92519545e-01 9.99484880e-01
14.0 15.0 n 1.18847000e+01 9.95332098e-01 9.92290849e-01 9.98198846e-01
14.0 15.0 n 1.22229000e+01 9.94890806e-01 9.92011634e-01 9.97771056e-01
14.0 15.0 n 1.25610000e+01 9.95067716e-01 9.91784777e-01 9.97339842e-01
14.0 15.0 n 1.28992000e+01 9.95305349e-01 9.92443355e-01 9.98106810e-01
14.0 15.0 n 1.32373000e+01 9.96147683e-01 9.92733535e-01 9.98925374e-01
14.0 15.0 n 1.35754000e+01 9.96018059e-01 9.93380704e-01 9.98702192e-01
14.0 15.0 n 1.39136000e+01 9.96704336e-01 9.92951392e-01 9.99037313e-01
14.0 15.0 n 1.42517000e+01 9.96614836e-01 9.92845728e-01 9.99788181e-01
14.0 15.0 n 1.45898000e+01 9.97345420e-01 9.92866391e-01 9.99652345e-01
14.0 15.0 n 1.49280000e+01 9.97270752e-01 9.94510682e-01 1.00112423e+00
14.0 15.0 n 1.52661000e+01 9.97768203e-01 9.94407363e-01 1.00128719e+00
14.0 15.0 n 1.56042000e+01 9.97092701e-01 9.94566715e-01 1.00115554e+00
14.0 15.0 n 1.59424000e+01 9.97151650e-01 9.94044923e-01 1.00112581e+00
14.0 15.0 n 1.62805000e+01 9.96739579e-01 9.94561961e-01 9.99928517e-01
14.0 15.0 n 1.66186000e+01 9.96983931e-01 9.94404003e-01 9.99993804e-01
14.0 15.0 n 1.69568000e+01 9.97297944e-01 9.95514586e-01 1.00102160e+00
14.0 15.0 n 1.72949000e+01 9.97443161e-01 9.94199267e-01 1.00033374e+00
14.0 15.0 n 1.76331000e+01 9.97745701e-01 9.94249025e-01 1.00013395e+00
14.0 15.0 n 1.79712000e+01 9.97808200e-01 9.94537304e-01 1.00079684e+00
14.0 15.0 n 1.83093000e+01 9.98134890e-01 9.94034211e-01 1.00036626e+00
14.0 15.0 n 1.86475000e+01 9.98268254e-01 9.94447106e-01 1.00136135e+00
14.0 15.0 n 1.89856000e+01 9.98053629e-01 9.94685436e-01 9.99956533e-01
14.0 15.0 n 1.93237000e+01 9.97604604e-01 9.94866086e-01 9.99775377e-01
14.0 15.0 n 1.96619000e+01 9.97448422e-01 9.94943163e-01 9.99546744e-01
14.0 15.0 n 2.00000000e+01 9.97430230e-01 9.94988801e-01 9.99833121e-01
