# Exported fb/f_cosmic vs R/R200 (all bins, single file)
# Cosmo_Param, Omega_m=0.3099, Omega_b=0.0488911, f_b_cosmic=0.15776411745724428
# Rmax=20.0, Nnum=60
# Columns: logM_lo logM_up label_AGN R_over_R200 fb_med_norm fb_p16_norm fb_p84_norm
9.0 10.0 f 5.00000000e-02 3.67143733e-01 1.22469509e-01 9.84885236e-01
9.0 10.0 f 3.88136000e-01 8.80610193e-02 5.18607877e-02 1.46143834e-01
9.0 10.0 f 7.26271000e-01 7.90473347e-02 4.51832642e-02 1.29779967e-01
9.0 10.0 f 1.06441000e+00 8.10290528e-02 4.58224729e-02 1.30881371e-01
9.0 10.0 f 1.40254000e+00 8.90696327e-02 5.01445444e-02 1.43714156e-01
9.0 10.0 f 1.74068000e+00 1.02157114e-01 5.82812838e-02 1.68963320e-01
9.0 10.0 f 2.07881000e+00 1.18379118e-01 6.82101873e-02 2.14077754e-01
9.0 10.0 f 2.41695000e+00 1.38574185e-01 7.96386035e-02 2.82284145e-01
9.0 10.0 f 2.75508000e+00 1.63315394e-01 9.30250062e-02 3.59059442e-01
9.0 10.0 f 3.09322000e+00 1.95245126e-01 1.07279984e-01 4.36522862e-01
9.0 10.0 f 3.43136000e+00 2.35835554e-01 1.22656865e-01 5.11603325e-01
9.0 10.0 f 3.76949000e+00 2.81622556e-01 1.39208689e-01 5.84182338e-01
9.0 10.0 f 4.10763000e+00 3.30006346e-01 1.57480290e-01 6.52746719e-01
9.0 10.0 f 4.44576000e+00 3.77915200e-01 1.77391909e-01 7.15969840e-01
9.0 10.0 f 4.78390000e+00 4.25076127e-01 1.99558559e-01 7.74352698e-01
9.0 10.0 f 5.12203000e+00 4.69565147e-01 2.24247703e-01 8.27522520e-01
9.0 10.0 f 5.46017000e+00 5.12041580e-01 2.50337248e-01 8.76769016e-01
9.0 10.0 f 5.79831000e+00 5.51917327e-01 2.77415028e-01 9.21585037e-01
9.0 10.0 f 6.13644000e+00 5.89284950e-01 3.04995412e-01 9.62186855e-01
9.0 10.0 f 6.47458000e+00 6.23814050e-01 3.31925471e-01 1.00023023e+00
9.0 10.0 f 6.81271000e+00 6.56212019e-01 3.58720677e-01 1.03373665e+00
9.0 10.0 f 7.15085000e+00 6.86066463e-01 3.84367377e-01 1.06488556e+00
9.0 10.0 f 7.48898000e+00 7.13725414e-01 4.08594185e-01 1.09254064e+00
9.0 10.0 f 7.82712000e+00 7.39191407e-01 4.32188004e-01 1.11794185e+00
9.0 10.0 f 8.16525000e+00 7.62454872e-01 4.53863535e-01 1.14089118e+00
9.0 10.0 f 8.50339000e+00 7.83896820e-01 4.74388348e-01 1.16152464e+00
9.0 10.0 f 8.84153000e+00 8.03271188e-01 4.93306509e-01 1.18008761e+00
9.0 10.0 f 9.17966000e+00 8.21840239e-01 5.10949183e-01 1.19721527e+00
9.0 10.0 f 9.51780000e+00 8.38687226e-01 5.27187356e-01 1.21236193e+00
9.0 10.0 f 9.85593000e+00 8.53943927e-01 5.41910362e-01 1.22601852e+00
9.0 10.0 f 1.01941000e+01 8.68167947e-01 5.55738817e-01 1.23853873e+00
9.0 10.0 f 1.05322000e+01 8.81091482e-01 5.68311061e-01 1.24885559e+00
9.0 10.0 f 1.08703000e+01 8.92832871e-01 5.79802014e-01 1.25903680e+00
9.0 10.0 f 1.12085000e+01 9.03613460e-01 5.90160060e-01 1.26811751e+00
9.0 10.0 f 1.15466000e+01 9.13460376e-01 5.99398447e-01 1.27634498e+00
9.0 10.0 f 1.18847000e+01 9.22457859e-01 6.07838662e-01 1.28331412e+00
9.0 10.0 f 1.22229000e+01 9.30747260e-01 6.15393054e-01 1.28982124e+00
9.0 10.0 f 1.25610000e+01 9.38463526e-01 6.21890298e-01 1.29532072e+00
9.0 10.0 f 1.28992000e+01 9.45666875e-01 6.27638861e-01 1.29992684e+00
9.0 10.0 f 1.32373000e+01 9.52037716e-01 6.32748261e-01 1.30426401e+00
9.0 10.0 f 1.35754000e+01 9.58002634e-01 6.37435886e-01 1.30834199e+00
9.0 10.0 f 1.39136000e+01 9.63353724e-01 6.41806462e-01 1.31142254e+00
9.0 10.0 f 1.42517000e+01 9.68435424e-01 6.46077712e-01 1.31410858e+00
9.0 10.0 f 1.45898000e+01 9.73287541e-01 6.49749903e-01 1.31647521e+00
9.0 10.0 f 1.49280000e+01 9.77402102e-01 6.53230035e-01 1.31838008e+00
9.0 10.0 f 1.52661000e+01 9.81368213e-01 6.56210434e-01 1.32011527e+00
9.0 10.0 f 1.56042000e+01 9.84740272e-01 6.59102600e-01 1.32162093e+00
9.0 10.0 f 1.59424000e+01 9.87911336e-01 6.61909005e-01 1.32266173e+00
9.0 10.0 f 1.62805000e+01 9.90932365e-01 6.64850231e-01 1.32364040e+00
9.0 10.0 f 1.66186000e+01 9.93466021e-01 6.67394409e-01 1.32412194e+00
9.0 10.0 f 1.69568000e+01 9.95884949e-01 6.70152768e-01 1.32426627e+00
9.0 10.0 f 1.72949000e+01 9.97804460e-01 6.72684713e-01 1.32442195e+00
9.0 10.0 f 1.76331000e+01 9.99641760e-01 6.75117522e-01 1.32424384e+00
9.0 10.0 f 1.79712000e+01 1.00142024e+00 6.77710507e-01 1.32358912e+00
9.0 10.0 f 1.83093000e+01 1.00299119e+00 6.79921022e-01 1.32303741e+00
9.0 10.0 f 1.86475000e+01 1.00462471e+00 6.82429451e-01 1.32260709e+00
9.0 10.0 f 1.89856000e+01 1.00594104e+00 6.84488981e-01 1.32214152e+00
9.0 10.0 f 1.93237000e+01 1.00719436e+00 6.86858531e-01 1.32139819e+00
9.0 10.0 f 1.96619000e+01 1.00838247e+00 6.89328675e-01 1.32028888e+00
9.0 10.0 f 2.00000000e+01 1.00923469e+00 6.91665771e-01 1.31897407e+00
9.0 10.0 n 5.00000000e-02 3.67959692e-01 1.23144624e-01 9.85115643e-01
9.0 10.0 n 3.88136000e-01 8.81957204e-02 5.20878089e-02 1.46578578e-01
9.0 10.0 n 7.26271000e-01 7.95161676e-02 4.55568143e-02 1.30033447e-01
9.0 10.0 n 1.06441000e+00 8.10320129e-02 4.58448798e-02 1.30647408e-01
9.0 10.0 n 1.40254000e+00 8.87387844e-02 5.00496205e-02 1.42420592e-01
9.0 10.0 n 1.74068000e+00 1.01393253e-01 5.78497256e-02 1.66005055e-01
9.0 10.0 n 2.07881000e+00 1.17326350e-01 6.76543828e-02 2.08192867e-01
9.0 10.0 n 2.41695000e+00 1.37249048e-01 7.90521267e-02 2.72888720e-01
9.0 10.0 n 2.75508000e+00 1.61698271e-01 9.21853032e-02 3.47070715e-01
9.0 10.0 n 3.09322000e+00 1.92715064e-01 1.06139300e-01 4.21718595e-01
9.0 10.0 n 3.43136000e+00 2.31569305e-01 1.21368878e-01 4.95242247e-01
9.0 10.0 n 3.76949000e+00 2.76380680e-01 1.37733931e-01 5.65843840e-01
9.0 10.0 n 4.10763000e+00 3.23880498e-01 1.55370717e-01 6.32127702e-01
9.0 10.0 n 4.44576000e+00 3.70850621e-01 1.74944940e-01 6.93425677e-01
9.0 10.0 n 4.78390000e+00 4.16938801e-01 1.96817423e-01 7.50631017e-01
9.0 10.0 n 5.12203000e+00 4.61144392e-01 2.20752720e-01 8.03082678e-01
9.0 10.0 n 5.46017000e+00 5.03073191e-01 2.46291601e-01 8.51061903e-01
9.0 10.0 n 5.79831000e+00 5.42623293e-01 2.72936728e-01 8.94618956e-01
9.0 10.0 n 6.13644000e+00 5.79789413e-01 2.99552761e-01 9.34086168e-01
9.0 10.0 n 6.47458000e+00 6.14138915e-01 3.26520173e-01 9.70409130e-01
9.0 10.0 n 6.81271000e+00 6.46008748e-01 3.52340963e-01 1.00245038e+00
9.0 10.0 n 7.15085000e+00 6.75812166e-01 3.77850318e-01 1.03233899e+00
9.0 10.0 n 7.48898000e+00 7.03266064e-01 4.02106297e-01 1.05942025e+00
9.0 10.0 n 7.82712000e+00 7.28749996e-01 4.25065573e-01 1.08430601e+00
9.0 10.0 n 8.16525000e+00 7.51950773e-01 4.46515850e-01 1.10643024e+00
9.0 10.0 n 8.50339000e+00 7.73237742e-01 4.66331775e-01 1.12681795e+00
9.0 10.0 n 8.84153000e+00 7.92787308e-01 4.84732493e-01 1.14526740e+00
9.0 10.0 n 9.17966000e+00 8.10725354e-01 5.02135563e-01 1.16179112e+00
9.0 10.0 n 9.51780000e+00 8.27176624e-01 5.18168106e-01 1.17742953e+00
9.0 10.0 n 9.85593000e+00 8.42263895e-01 5.32740450e-01 1.19079194e+00
9.0 10.0 n 1.01941000e+01 8.56161351e-01 5.46380263e-01 1.20278149e+00
9.0 10.0 n 1.05322000e+01 8.68935802e-01 5.58521738e-01 1.21432473e+00
9.0 10.0 n 1.08703000e+01 8.80625913e-01 5.70208457e-01 1.22461066e+00
9.0 10.0 n 1.12085000e+01 8.91092171e-01 5.80287720e-01 1.23357556e+00
9.0 10.0 n 1.15466000e+01 9.01000255e-01 5.89592903e-01 1.24125114e+00
9.0 10.0 n 1.18847000e+01 9.09566778e-01 5.98052697e-01 1.24844403e+00
9.0 10.0 n 1.22229000e+01 9.17888632e-01 6.05345471e-01 1.25459422e+00
9.0 10.0 n 1.25610000e+01 9.25441871e-01 6.12376366e-01 1.26043642e+00
9.0 10.0 n 1.28992000e+01 9.32695041e-01 6.18456539e-01 1.26564597e+00
9.0 10.0 n 1.32373000e+01 9.38964464e-01 6.23781704e-01 1.27016297e+00
9.0 10.0 n 1.35754000e+01 9.44718054e-01 6.28915153e-01 1.27401657e+00
9.0 10.0 n 1.39136000e+01 9.49805522e-01 6.33782736e-01 1.27723467e+00
9.0 10.0 n 1.42517000e+01 9.54751387e-01 6.38451833e-01 1.28011555e+00
9.0 10.0 n 1.45898000e+01 9.59301471e-01 6.42964837e-01 1.28262861e+00
9.0 10.0 n 1.49280000e+01 9.63166102e-01 6.46666946e-01 1.28493483e+00
9.0 10.0 n 1.52661000e+01 9.67086131e-01 6.50330136e-01 1.28731687e+00
9.0 10.0 n 1.56042000e+01 9.70431442e-01 6.53636211e-01 1.28899013e+00
9.0 10.0 n 1.59424000e+01 9.73504067e-01 6.57337116e-01 1.29066389e+00
9.0 10.0 n 1.62805000e+01 9.76318142e-01 6.60506468e-01 1.29154559e+00
9.0 10.0 n 1.66186000e+01 9.78719575e-01 6.63773814e-01 1.29228834e+00
9.0 10.0 n 1.69568000e+01 9.81111247e-01 6.66348481e-01 1.29269959e+00
9.0 10.0 n 1.72949000e+01 9.83290703e-01 6.69352966e-01 1.29292879e+00
9.0 10.0 n 1.76331000e+01 9.85375334e-01 6.72531509e-01 1.29342853e+00
9.0 10.0 n 1.79712000e+01 9.87300931e-01 6.75757718e-01 1.29316129e+00
9.0 10.0 n 1.83093000e+01 9.88714877e-01 6.78826477e-01 1.29276209e+00
9.0 10.0 n 1.86475000e+01 9.90191956e-01 6.81597576e-01 1.29242868e+00
9.0 10.0 n 1.89856000e+01 9.91653822e-01 6.84369245e-01 1.29182189e+00
9.0 10.0 n 1.93237000e+01 9.92955005e-01 6.86947335e-01 1.29139372e+00
9.0 10.0 n 1.96619000e+01 9.94223734e-01 6.89582978e-01 1.29050771e+00
9.0 10.0 n 2.00000000e+01 9.95281960e-01 6.92103260e-01 1.28982733e+00
10.0 11.0 f 5.00000000e-02 1.27958406e-01 5.53693174e-02 2.74747552e-01
10.0 11.0 f 3.88136000e-01 6.03374091e-02 3.31939359e-02 1.05990521e-01
10.0 11.0 f 7.26271000e-01 5.14096186e-02 2.70056567e-02 1.00701061e-01
10.0 11.0 f 1.06441000e+00 5.87786174e-02 3.03479377e-02 1.24096311e-01
10.0 11.0 f 1.40254000e+00 8.09874020e-02 3.65554582e-02 1.65404849e-01
10.0 11.0 f 1.74068000e+00 1.08740893e-01 4.67238236e-02 2.20686507e-01
10.0 11.0 f 2.07881000e+00 1.39289468e-01 6.30468351e-02 2.84643129e-01
10.0 11.0 f 2.41695000e+00 1.72285178e-01 8.05154632e-02 3.52297055e-01
10.0 11.0 f 2.75508000e+00 2.06208963e-01 9.73226374e-02 4.20929043e-01
10.0 11.0 f 3.09322000e+00 2.41308509e-01 1.13880503e-01 4.89112545e-01
10.0 11.0 f 3.43136000e+00 2.76247779e-01 1.30340950e-01 5.55518025e-01
10.0 11.0 f 3.76949000e+00 3.11744558e-01 1.46787054e-01 6.16940091e-01
10.0 11.0 f 4.10763000e+00 3.46961381e-01 1.63576448e-01 6.73034665e-01
10.0 11.0 f 4.44576000e+00 3.81045715e-01 1.81198966e-01 7.23337676e-01
10.0 11.0 f 4.78390000e+00 4.14788350e-01 1.98427954e-01 7.68488437e-01
10.0 11.0 f 5.12203000e+00 4.46978750e-01 2.16301270e-01 8.08830500e-01
10.0 11.0 f 5.46017000e+00 4.78208855e-01 2.34759358e-01 8.44439167e-01
10.0 11.0 f 5.79831000e+00 5.07726277e-01 2.53259478e-01 8.76490562e-01
10.0 11.0 f 6.13644000e+00 5.36274771e-01 2.71897087e-01 9.05622789e-01
10.0 11.0 f 6.47458000e+00 5.63186594e-01 2.90630783e-01 9.32249946e-01
10.0 11.0 f 6.81271000e+00 5.88427251e-01 3.09361246e-01 9.56718628e-01
10.0 11.0 f 7.15085000e+00 6.12422486e-01 3.27850926e-01 9.78383377e-01
10.0 11.0 f 7.48898000e+00 6.35307772e-01 3.46385996e-01 9.97355372e-01
10.0 11.0 f 7.82712000e+00 6.56529708e-01 3.64521292e-01 1.01545182e+00
10.0 11.0 f 8.16525000e+00 6.76368820e-01 3.82651866e-01 1.03205591e+00
10.0 11.0 f 8.50339000e+00 6.95021477e-01 4.00547501e-01 1.04676730e+00
10.0 11.0 f 8.84153000e+00 7.12653750e-01 4.17640716e-01 1.05964381e+00
10.0 11.0 f 9.17966000e+00 7.28631021e-01 4.34546189e-01 1.07149669e+00
10.0 11.0 f 9.51780000e+00 7.43268126e-01 4.50902646e-01 1.08269810e+00
10.0 11.0 f 9.85593000e+00 7.57952454e-01 4.67180891e-01 1.09223854e+00
10.0 11.0 f 1.01941000e+01 7.70698191e-01 4.82731398e-01 1.10063836e+00
10.0 11.0 f 1.05322000e+01 7.83137585e-01 4.97779706e-01 1.10873076e+00
10.0 11.0 f 1.08703000e+01 7.94424879e-01 5.12927922e-01 1.11577786e+00
10.0 11.0 f 1.12085000e+01 8.05176691e-01 5.26860045e-01 1.12279118e+00
10.0 11.0 f 1.15466000e+01 8.15221941e-01 5.40407733e-01 1.12781837e+00
10.0 11.0 f 1.18847000e+01 8.24965538e-01 5.53930224e-01 1.13254441e+00
10.0 11.0 f 1.22229000e+01 8.33666249e-01 5.66655526e-01 1.13750327e+00
10.0 11.0 f 1.25610000e+01 8.41944367e-01 5.78834335e-01 1.14127460e+00
10.0 11.0 f 1.28992000e+01 8.49498049e-01 5.90606556e-01 1.14465408e+00
10.0 11.0 f 1.32373000e+01 8.56903155e-01 6.02215513e-01 1.14786868e+00
10.0 11.0 f 1.35754000e+01 8.63665276e-01 6.13450090e-01 1.15086506e+00
10.0 11.0 f 1.39136000e+01 8.70049998e-01 6.24528185e-01 1.15399143e+00
10.0 11.0 f 1.42517000e+01 8.76000210e-01 6.34825533e-01 1.15659912e+00
10.0 11.0 f 1.45898000e+01 8.81435730e-01 6.44683542e-01 1.15775389e+00
10.0 11.0 f 1.49280000e+01 8.87024770e-01 6.54483425e-01 1.15901735e+00
10.0 11.0 f 1.52661000e+01 8.92282620e-01 6.63655156e-01 1.16015995e+00
10.0 11.0 f 1.56042000e+01 8.96972533e-01 6.72728005e-01 1.16115060e+00
10.0 11.0 f 1.59424000e+01 9.01192694e-01 6.81020765e-01 1.16245071e+00
10.0 11.0 f 1.62805000e+01 9.05485368e-01 6.89117093e-01 1.16277810e+00
10.0 11.0 f 1.66186000e+01 9.09506245e-01 6.96544004e-01 1.16302422e+00
10.0 11.0 f 1.69568000e+01 9.13268444e-01 7.04210956e-01 1.16300121e+00
10.0 11.0 f 1.72949000e+01 9.16701100e-01 7.11508877e-01 1.16367938e+00
10.0 11.0 f 1.76331000e+01 9.20244935e-01 7.18448351e-01 1.16341443e+00
10.0 11.0 f 1.79712000e+01 9.23383228e-01 7.25050803e-01 1.16367526e+00
10.0 11.0 f 1.83093000e+01 9.26288007e-01 7.31250628e-01 1.16366093e+00
10.0 11.0 f 1.86475000e+01 9.29272400e-01 7.37266255e-01 1.16327257e+00
10.0 11.0 f 1.89856000e+01 9.32020236e-01 7.42878050e-01 1.16278006e+00
10.0 11.0 f 1.93237000e+01 9.34823915e-01 7.48543154e-01 1.16251707e+00
10.0 11.0 f 1.96619000e+01 9.37341915e-01 7.53454790e-01 1.16201335e+00
10.0 11.0 f 2.00000000e+01 9.39538422e-01 7.58569832e-01 1.16124670e+00
10.0 11.0 n 5.00000000e-02 1.27597595e-01 5.49676437e-02 2.74568861e-01
10.0 11.0 n 3.88136000e-01 6.03731232e-02 3.34337585e-02 1.06186155e-01
10.0 11.0 n 7.26271000e-01 5.13310982e-02 2.70885533e-02 1.00768053e-01
10.0 11.0 n 1.06441000e+00 5.81958068e-02 3.02494748e-02 1.23027519e-01
10.0 11.0 n 1.40254000e+00 8.00040352e-02 3.61769995e-02 1.63251710e-01
10.0 11.0 n 1.74068000e+00 1.07281550e-01 4.61096181e-02 2.16740844e-01
10.0 11.0 n 2.07881000e+00 1.37710643e-01 6.19473557e-02 2.78657173e-01
10.0 11.0 n 2.41695000e+00 1.69656766e-01 7.89093693e-02 3.44440826e-01
10.0 11.0 n 2.75508000e+00 2.02694247e-01 9.54624552e-02 4.11880300e-01
10.0 11.0 n 3.09322000e+00 2.36531510e-01 1.11684325e-01 4.78511763e-01
10.0 11.0 n 3.43136000e+00 2.70604480e-01 1.28108643e-01 5.42202799e-01
10.0 11.0 n 3.76949000e+00 3.05028544e-01 1.44443511e-01 6.02913061e-01
10.0 11.0 n 4.10763000e+00 3.39070759e-01 1.61273453e-01 6.57934083e-01
10.0 11.0 n 4.44576000e+00 3.72416244e-01 1.78420438e-01 7.07087466e-01
10.0 11.0 n 4.78390000e+00 4.05383715e-01 1.95847430e-01 7.51976444e-01
10.0 11.0 n 5.12203000e+00 4.37153182e-01 2.13710928e-01 7.90444760e-01
10.0 11.0 n 5.46017000e+00 4.67555127e-01 2.31605771e-01 8.25923170e-01
10.0 11.0 n 5.79831000e+00 4.96834890e-01 2.49904177e-01 8.56443291e-01
10.0 11.0 n 6.13644000e+00 5.25069378e-01 2.68355629e-01 8.85160151e-01
10.0 11.0 n 6.47458000e+00 5.51420383e-01 2.86812830e-01 9.09911850e-01
10.0 11.0 n 6.81271000e+00 5.76836187e-01 3.05291024e-01 9.33050508e-01
10.0 11.0 n 7.15085000e+00 6.01250193e-01 3.23641819e-01 9.54036459e-01
10.0 11.0 n 7.48898000e+00 6.22887090e-01 3.41975031e-01 9.72188812e-01
10.0 11.0 n 7.82712000e+00 6.43516420e-01 3.60025568e-01 9.89208906e-01
10.0 11.0 n 8.16525000e+00 6.63320352e-01 3.78271726e-01 1.00412066e+00
10.0 11.0 n 8.50339000e+00 6.81999505e-01 3.95984112e-01 1.01794953e+00
10.0 11.0 n 8.84153000e+00 6.99344831e-01 4.13471955e-01 1.03056913e+00
10.0 11.0 n 9.17966000e+00 7.15340927e-01 4.31008300e-01 1.04173188e+00
10.0 11.0 n 9.51780000e+00 7.30246915e-01 4.47897438e-01 1.05175050e+00
10.0 11.0 n 9.85593000e+00 7.44303787e-01 4.64465141e-01 1.06111740e+00
10.0 11.0 n 1.01941000e+01 7.57395864e-01 4.80383076e-01 1.06950815e+00
10.0 11.0 n 1.05322000e+01 7.69554015e-01 4.95647732e-01 1.07719266e+00
10.0 11.0 n 1.08703000e+01 7.81338697e-01 5.10631285e-01 1.08387562e+00
10.0 11.0 n 1.12085000e+01 7.91735358e-01 5.25683713e-01 1.09041969e+00
10.0 11.0 n 1.15466000e+01 8.01335069e-01 5.39656820e-01 1.09587245e+00
10.0 11.0 n 1.18847000e+01 8.10646502e-01 5.53800588e-01 1.10123634e+00
10.0 11.0 n 1.22229000e+01 8.19186340e-01 5.67160204e-01 1.10530197e+00
10.0 11.0 n 1.25610000e+01 8.27121161e-01 5.80191253e-01 1.10933787e+00
10.0 11.0 n 1.28992000e+01 8.34693162e-01 5.92355242e-01 1.11268065e+00
10.0 11.0 n 1.32373000e+01 8.41694817e-01 6.04246932e-01 1.11645692e+00
10.0 11.0 n 1.35754000e+01 8.48297649e-01 6.15899214e-01 1.11969846e+00
10.0 11.0 n 1.39136000e+01 8.54966403e-01 6.26779420e-01 1.12302793e+00
10.0 11.0 n 1.42517000e+01 8.61265047e-01 6.37370599e-01 1.12508416e+00
10.0 11.0 n 1.45898000e+01 8.67042596e-01 6.47475178e-01 1.12715846e+00
10.0 11.0 n 1.49280000e+01 8.72452318e-01 6.57496785e-01 1.12862857e+00
10.0 11.0 n 1.52661000e+01 8.77522356e-01 6.66604686e-01 1.13044489e+00
10.0 11.0 n 1.56042000e+01 8.82494843e-01 6.75590823e-01 1.13190289e+00
10.0 11.0 n 1.59424000e+01 8.86953398e-01 6.84170277e-01 1.13319076e+00
10.0 11.0 n 1.62805000e+01 8.91193462e-01 6.92567307e-01 1.13408526e+00
10.0 11.0 n 1.66186000e+01 8.95144487e-01 7.00547195e-01 1.13463893e+00
10.0 11.0 n 1.69568000e+01 8.99293720e-01 7.07599686e-01 1.13519692e+00
10.0 11.0 n 1.72949000e+01 9.02939352e-01 7.14502080e-01 1.13552488e+00
10.0 11.0 n 1.76331000e+01 9.06522359e-01 7.21221098e-01 1.13578577e+00
10.0 11.0 n 1.79712000e+01 9.09980687e-01 7.27676875e-01 1.13600699e+00
10.0 11.0 n 1.83093000e+01 9.12965777e-01 7.33821809e-01 1.13624893e+00
10.0 11.0 n 1.86475000e+01 9.15847674e-01 7.39775254e-01 1.13612235e+00
10.0 11.0 n 1.89856000e+01 9.18676391e-01 7.44992536e-01 1.13612622e+00
10.0 11.0 n 1.93237000e+01 9.21531032e-01 7.50194543e-01 1.13611684e+00
10.0 11.0 n 1.96619000e+01 9.24106269e-01 7.54923819e-01 1.13604844e+00
10.0 11.0 n 2.00000000e+01 9.26451289e-01 7.59534690e-01 1.13550073e+00
11.0 12.0 f 5.00000000e-02 3.05824422e-01 2.12713908e-01 4.25975679e-01
11.0 12.0 f 3.88136000e-01 1.13020706e-01 7.67345465e-02 1.66193266e-01
11.0 12.0 f 7.26271000e-01 1.19839000e-01 7.72881895e-02 1.87272122e-01
11.0 12.0 f 1.06441000e+00 1.44020081e-01 9.03677353e-02 2.35754426e-01
11.0 12.0 f 1.40254000e+00 1.75163741e-01 1.07733173e-01 2.91805676e-01
11.0 12.0 f 1.74068000e+00 2.10646968e-01 1.27534736e-01 3.50796961e-01
11.0 12.0 f 2.07881000e+00 2.48648689e-01 1.49005999e-01 4.11295332e-01
11.0 12.0 f 2.41695000e+00 2.88131907e-01 1.71803192e-01 4.71942956e-01
11.0 12.0 f 2.75508000e+00 3.28539568e-01 1.95125821e-01 5.29844855e-01
11.0 12.0 f 3.09322000e+00 3.68679253e-01 2.20684060e-01 5.83760924e-01
11.0 12.0 f 3.43136000e+00 4.08542183e-01 2.46879117e-01 6.33968241e-01
11.0 12.0 f 3.76949000e+00 4.46889217e-01 2.72282821e-01 6.80340699e-01
11.0 12.0 f 4.10763000e+00 4.82843350e-01 2.98336990e-01 7.22002327e-01
11.0 12.0 f 4.44576000e+00 5.17946294e-01 3.25660789e-01 7.59664314e-01
11.0 12.0 f 4.78390000e+00 5.50072319e-01 3.51237245e-01 7.92691913e-01
11.0 12.0 f 5.12203000e+00 5.81582476e-01 3.76976273e-01 8.22618997e-01
11.0 12.0 f 5.46017000e+00 6.10383676e-01 4.03064499e-01 8.49326210e-01
11.0 12.0 f 5.79831000e+00 6.37582751e-01 4.28938101e-01 8.71845399e-01
11.0 12.0 f 6.13644000e+00 6.63509813e-01 4.53553439e-01 8.92809482e-01
11.0 12.0 f 6.47458000e+00 6.86960836e-01 4.77086433e-01 9.11318951e-01
11.0 12.0 f 6.81271000e+00 7.09090773e-01 5.01019175e-01 9.27050285e-01
11.0 12.0 f 7.15085000e+00 7.28401755e-01 5.24186630e-01 9.41586480e-01
11.0 12.0 f 7.48898000e+00 7.46788319e-01 5.45816155e-01 9.54782446e-01
11.0 12.0 f 7.82712000e+00 7.63621360e-01 5.67707781e-01 9.64724821e-01
11.0 12.0 f 8.16525000e+00 7.79997898e-01 5.87694233e-01 9.74013182e-01
11.0 12.0 f 8.50339000e+00 7.94504492e-01 6.07600198e-01 9.83370443e-01
11.0 12.0 f 8.84153000e+00 8.08107015e-01 6.26259485e-01 9.91574526e-01
11.0 12.0 f 9.17966000e+00 8.19709146e-01 6.43694597e-01 9.97562643e-01
11.0 12.0 f 9.51780000e+00 8.30744165e-01 6.60262813e-01 1.00365674e+00
11.0 12.0 f 9.85593000e+00 8.41672505e-01 6.75909083e-01 1.00940203e+00
11.0 12.0 f 1.01941000e+01 8.50536815e-01 6.91106519e-01 1.01378465e+00
11.0 12.0 f 1.05322000e+01 8.59051109e-01 7.06545327e-01 1.01824079e+00
11.0 12.0 f 1.08703000e+01 8.67416572e-01 7.21031004e-01 1.02136761e+00
11.0 12.0 f 1.12085000e+01 8.74814959e-01 7.33331266e-01 1.02448220e+00
11.0 12.0 f 1.15466000e+01 8.81297739e-01 7.45790880e-01 1.02785724e+00
11.0 12.0 f 1.18847000e+01 8.87882760e-01 7.57842416e-01 1.02944645e+00
11.0 12.0 f 1.22229000e+01 8.93747084e-01 7.68647852e-01 1.03196742e+00
11.0 12.0 f 1.25610000e+01 8.99628396e-01 7.77881637e-01 1.03307737e+00
11.0 12.0 f 1.28992000e+01 9.04157500e-01 7.87582829e-01 1.03455451e+00
11.0 12.0 f 1.32373000e+01 9.08579354e-01 7.96736051e-01 1.03744560e+00
11.0 12.0 f 1.35754000e+01 9.13042537e-01 8.05591107e-01 1.03907392e+00
11.0 12.0 f 1.39136000e+01 9.17618102e-01 8.12797562e-01 1.03949163e+00
11.0 12.0 f 1.42517000e+01 9.21286300e-01 8.19605764e-01 1.04007009e+00
11.0 12.0 f 1.45898000e+01 9.24933834e-01 8.27060184e-01 1.04084790e+00
11.0 12.0 f 1.49280000e+01 9.28192433e-01 8.33778822e-01 1.04196463e+00
11.0 12.0 f 1.52661000e+01 9.31584459e-01 8.39738415e-01 1.04270117e+00
11.0 12.0 f 1.56042000e+01 9.34641808e-01 8.46253141e-01 1.04339208e+00
11.0 12.0 f 1.59424000e+01 9.37520663e-01 8.51459015e-01 1.04401757e+00
11.0 12.0 f 1.62805000e+01 9.39605801e-01 8.55656484e-01 1.04432328e+00
11.0 12.0 f 1.66186000e+01 9.41793117e-01 8.59454876e-01 1.04457593e+00
11.0 12.0 f 1.69568000e+01 9.44045214e-01 8.62674049e-01 1.04514653e+00
11.0 12.0 f 1.72949000e+01 9.46377240e-01 8.66229610e-01 1.04557705e+00
11.0 12.0 f 1.76331000e+01 9.48588452e-01 8.69695037e-01 1.04561438e+00
11.0 12.0 f 1.79712000e+01 9.50510689e-01 8.73458377e-01 1.04532363e+00
11.0 12.0 f 1.83093000e+01 9.52537512e-01 8.76415196e-01 1.04632785e+00
11.0 12.0 f 1.86475000e+01 9.54059785e-01 8.79376580e-01 1.04553192e+00
11.0 12.0 f 1.89856000e+01 9.55279264e-01 8.82417258e-01 1.04526012e+00
11.0 12.0 f 1.93237000e+01 9.56744489e-01 8.85137205e-01 1.04493311e+00
11.0 12.0 f 1.96619000e+01 9.57580167e-01 8.87709970e-01 1.04490624e+00
11.0 12.0 f 2.00000000e+01 9.58959315e-01 8.89975758e-01 1.04490896e+00
11.0 12.0 n 5.00000000e-02 3.12082099e-01 2.21583992e-01 4.30002811e-01
11.0 12.0 n 3.88136000e-01 1.16184347e-01 8.01152328e-02 1.69481980e-01
11.0 12.0 n 7.26271000e-01 1.22856581e-01 7.95074140e-02 1.94842208e-01
11.0 12.0 n 1.06441000e+00 1.46945962e-01 9.15830496e-02 2.45434612e-01
11.0 12.0 n 1.40254000e+00 1.77706246e-01 1.08719817e-01 3.02715641e-01
11.0 12.0 n 1.74068000e+00 2.12750184e-01 1.28220779e-01 3.62314492e-01
11.0 12.0 n 2.07881000e+00 2.50001627e-01 1.49170460e-01 4.20758523e-01
11.0 12.0 n 2.41695000e+00 2.89117486e-01 1.71389644e-01 4.76837834e-01
11.0 12.0 n 2.75508000e+00 3.28836175e-01 1.95606793e-01 5.33245229e-01
11.0 12.0 n 3.09322000e+00 3.68248249e-01 2.20564622e-01 5.84414704e-01
11.0 12.0 n 3.43136000e+00 4.07820131e-01 2.46035478e-01 6.30988330e-01
11.0 12.0 n 3.76949000e+00 4.45428467e-01 2.72300778e-01 6.72855093e-01
11.0 12.0 n 4.10763000e+00 4.81271244e-01 2.98738939e-01 7.11425461e-01
11.0 12.0 n 4.44576000e+00 5.15007121e-01 3.24648398e-01 7.45901108e-01
11.0 12.0 n 4.78390000e+00 5.47578768e-01 3.50617408e-01 7.76974714e-01
11.0 12.0 n 5.12203000e+00 5.78370307e-01 3.76662818e-01 8.04838147e-01
11.0 12.0 n 5.46017000e+00 6.08015774e-01 4.02489356e-01 8.29403746e-01
11.0 12.0 n 5.79831000e+00 6.34930373e-01 4.27443535e-01 8.51937324e-01
11.0 12.0 n 6.13644000e+00 6.60285378e-01 4.52477776e-01 8.71348138e-01
11.0 12.0 n 6.47458000e+00 6.83465554e-01 4.76043173e-01 8.88264786e-01
11.0 12.0 n 6.81271000e+00 7.05499145e-01 4.99671765e-01 9.02831470e-01
11.0 12.0 n 7.15085000e+00 7.24589861e-01 5.22853925e-01 9.17203496e-01
11.0 12.0 n 7.48898000e+00 7.42900806e-01 5.45065370e-01 9.29406651e-01
11.0 12.0 n 7.82712000e+00 7.60040635e-01 5.66163063e-01 9.39655115e-01
11.0 12.0 n 8.16525000e+00 7.75692420e-01 5.87231859e-01 9.48023178e-01
11.0 12.0 n 8.50339000e+00 7.89386852e-01 6.07761578e-01 9.55932391e-01
11.0 12.0 n 8.84153000e+00 8.01591845e-01 6.26362557e-01 9.63901820e-01
11.0 12.0 n 9.17966000e+00 8.12692468e-01 6.44653624e-01 9.70146206e-01
11.0 12.0 n 9.51780000e+00 8.23313451e-01 6.62631983e-01 9.77308164e-01
11.0 12.0 n 9.85593000e+00 8.33307549e-01 6.79420591e-01 9.82976627e-01
11.0 12.0 n 1.01941000e+01 8.42666584e-01 6.95080997e-01 9.88475025e-01
11.0 12.0 n 1.05322000e+01 8.50786111e-01 7.09476158e-01 9.92299406e-01
11.0 12.0 n 1.08703000e+01 8.58950389e-01 7.24078655e-01 9.96447244e-01
11.0 12.0 n 1.12085000e+01 8.65700149e-01 7.37114826e-01 9.99853595e-01
11.0 12.0 n 1.15466000e+01 8.72318638e-01 7.48910601e-01 1.00300533e+00
11.0 12.0 n 1.18847000e+01 8.78606506e-01 7.59539000e-01 1.00632668e+00
11.0 12.0 n 1.22229000e+01 8.84412706e-01 7.68679545e-01 1.00859208e+00
11.0 12.0 n 1.25610000e+01 8.89918837e-01 7.78270509e-01 1.01156779e+00
11.0 12.0 n 1.28992000e+01 8.94632837e-01 7.86682751e-01 1.01339203e+00
11.0 12.0 n 1.32373000e+01 8.99751935e-01 7.95267847e-01 1.01520094e+00
11.0 12.0 n 1.35754000e+01 9.03939072e-01 8.02507960e-01 1.01661552e+00
11.0 12.0 n 1.39136000e+01 9.08549056e-01 8.09438306e-01 1.01856679e+00
11.0 12.0 n 1.42517000e+01 9.12623684e-01 8.15878300e-01 1.02127431e+00
11.0 12.0 n 1.45898000e+01 9.16056023e-01 8.21312426e-01 1.02192040e+00
11.0 12.0 n 1.49280000e+01 9.19298776e-01 8.26599686e-01 1.02229647e+00
11.0 12.0 n 1.52661000e+01 9.22354413e-01 8.32299588e-01 1.02290586e+00
11.0 12.0 n 1.56042000e+01 9.25703717e-01 8.36804352e-01 1.02375060e+00
11.0 12.0 n 1.59424000e+01 9.28270397e-01 8.41050501e-01 1.02507124e+00
11.0 12.0 n 1.62805000e+01 9.31528172e-01 8.45139707e-01 1.02568108e+00
11.0 12.0 n 1.66186000e+01 9.33937656e-01 8.49092444e-01 1.02639658e+00
11.0 12.0 n 1.69568000e+01 9.36147854e-01 8.52516353e-01 1.02683375e+00
11.0 12.0 n 1.72949000e+01 9.38058491e-01 8.55122205e-01 1.02717375e+00
11.0 12.0 n 1.76331000e+01 9.40052291e-01 8.58392721e-01 1.02746114e+00
11.0 12.0 n 1.79712000e+01 9.41999438e-01 8.61052578e-01 1.02771722e+00
11.0 12.0 n 1.83093000e+01 9.43506435e-01 8.63670600e-01 1.02851639e+00
11.0 12.0 n 1.86475000e+01 9.44707088e-01 8.65883968e-01 1.02861273e+00
11.0 12.0 n 1.89856000e+01 9.45907551e-01 8.67832383e-01 1.02914606e+00
11.0 12.0 n 1.93237000e+01 9.47030367e-01 8.69948644e-01 1.02877215e+00
11.0 12.0 n 1.96619000e+01 9.48533116e-01 8.71774978e-01 1.02903159e+00
11.0 12.0 n 2.00000000e+01 9.49623795e-01 8.73816760e-01 1.02907431e+00
12.0 13.0 f 5.00000000e-02 2.53507734e-01 4.02834010e-02 5.31990628e-01
12.0 13.0 f 3.88136000e-01 2.30860569e-01 7.35378056e-02 4.66358784e-01
12.0 13.0 f 7.26271000e-01 3.69581879e-01 1.45983145e-01 5.87725958e-01
12.0 13.0 f 1.06441000e+00 4.78255590e-01 2.22768932e-01 6.63757968e-01
12.0 13.0 f 1.40254000e+00 5.56664592e-01 3.00476989e-01 7.15265941e-01
12.0 13.0 f 1.74068000e+00 6.15933348e-01 3.72120917e-01 7.50650477e-01
12.0 13.0 f 2.07881000e+00 6.58366564e-01 4.35994091e-01 7.78923699e-01
12.0 13.0 f 2.41695000e+00 6.93863800e-01 4.95323545e-01 8.06770716e-01
12.0 13.0 f 2.75508000e+00 7.25410517e-01 5.44427664e-01 8.28173745e-01
12.0 13.0 f 3.09322000e+00 7.51536610e-01 5.86704502e-01 8.48302213e-01
12.0 13.0 f 3.43136000e+00 7.75295308e-01 6.25116938e-01 8.66163372e-01
12.0 13.0 f 3.76949000e+00 7.93482523e-01 6.57815108e-01 8.81607632e-01
12.0 13.0 f 4.10763000e+00 8.11150483e-01 6.87627781e-01 8.95012835e-01
12.0 13.0 f 4.44576000e+00 8.27387698e-01 7.14208033e-01 9.06420752e-01
12.0 13.0 f 4.78390000e+00 8.39864490e-01 7.35928815e-01 9.17111396e-01
12.0 13.0 f 5.12203000e+00 8.51646383e-01 7.54948222e-01 9.27913092e-01
12.0 13.0 f 5.46017000e+00 8.61982954e-01 7.71989296e-01 9.36765802e-01
12.0 13.0 f 5.79831000e+00 8.71468888e-01 7.87181851e-01 9.41743867e-01
12.0 13.0 f 6.13644000e+00 8.80412367e-01 8.00286035e-01 9.48194446e-01
12.0 13.0 f 6.47458000e+00 8.88370767e-01 8.12660458e-01 9.55316788e-01
12.0 13.0 f 6.81271000e+00 8.95015180e-01 8.24626994e-01 9.61892808e-01
12.0 13.0 f 7.15085000e+00 9.01396162e-01 8.36635238e-01 9.66339130e-01
12.0 13.0 f 7.48898000e+00 9.06717334e-01 8.44885720e-01 9.69759933e-01
12.0 13.0 f 7.82712000e+00 9.11167966e-01 8.51352146e-01 9.72244655e-01
12.0 13.0 f 8.16525000e+00 9.16284338e-01 8.58537367e-01 9.73596737e-01
12.0 13.0 f 8.50339000e+00 9.21214484e-01 8.64841462e-01 9.76622267e-01
12.0 13.0 f 8.84153000e+00 9.24856567e-01 8.71124069e-01 9.79299935e-01
12.0 13.0 f 9.17966000e+00 9.27726167e-01 8.77002783e-01 9.81944833e-01
12.0 13.0 f 9.51780000e+00 9.30513683e-01 8.82817856e-01 9.83658848e-01
12.0 13.0 f 9.85593000e+00 9.33908625e-01 8.87153633e-01 9.84906597e-01
12.0 13.0 f 1.01941000e+01 9.36333004e-01 8.91016489e-01 9.86685835e-01
12.0 13.0 f 1.05322000e+01 9.38571853e-01 8.94688743e-01 9.87976813e-01
12.0 13.0 f 1.08703000e+01 9.40984315e-01 8.97898282e-01 9.89392534e-01
12.0 13.0 f 1.12085000e+01 9.42412460e-01 9.01359842e-01 9.90348202e-01
12.0 13.0 f 1.15466000e+01 9.44456271e-01 9.03333738e-01 9.92096508e-01
12.0 13.0 f 1.18847000e+01 9.46158432e-01 9.05309663e-01 9.92821895e-01
12.0 13.0 f 1.22229000e+01 9.47119234e-01 9.08487825e-01 9.95304462e-01
12.0 13.0 f 1.25610000e+01 9.48544399e-01 9.09481461e-01 9.96346841e-01
12.0 13.0 f 1.28992000e+01 9.50487617e-01 9.11517792e-01 9.95324682e-01
12.0 13.0 f 1.32373000e+01 9.51406076e-01 9.13482434e-01 9.95205200e-01
12.0 13.0 f 1.35754000e+01 9.51799702e-01 9.15572960e-01 9.95974323e-01
12.0 13.0 f 1.39136000e+01 9.53086750e-01 9.17084711e-01 9.95436367e-01
12.0 13.0 f 1.42517000e+01 9.54320998e-01 9.17921846e-01 9.96067436e-01
12.0 13.0 f 1.45898000e+01 9.55617237e-01 9.19165222e-01 9.96451300e-01
12.0 13.0 f 1.49280000e+01 9.55920411e-01 9.20506148e-01 9.95016564e-01
12.0 13.0 f 1.52661000e+01 9.56166475e-01 9.20542341e-01 9.95379510e-01
12.0 13.0 f 1.56042000e+01 9.56556043e-01 9.21232549e-01 9.94325342e-01
12.0 13.0 f 1.59424000e+01 9.56846540e-01 9.22149994e-01 9.94085300e-01
12.0 13.0 f 1.62805000e+01 9.57156243e-01 9.22735425e-01 9.93290696e-01
12.0 13.0 f 1.66186000e+01 9.57365290e-01 9.24177959e-01 9.93012876e-01
12.0 13.0 f 1.69568000e+01 9.57593098e-01 9.24485506e-01 9.93341785e-01
12.0 13.0 f 1.72949000e+01 9.57853740e-01 9.25158093e-01 9.92508579e-01
12.0 13.0 f 1.76331000e+01 9.58470547e-01 9.26397601e-01 9.93296717e-01
12.0 13.0 f 1.79712000e+01 9.59207660e-01 9.27121023e-01 9.93034047e-01
12.0 13.0 f 1.83093000e+01 9.59898248e-01 9.27823084e-01 9.92986000e-01
12.0 13.0 f 1.86475000e+01 9.60143995e-01 9.28955914e-01 9.93473437e-01
12.0 13.0 f 1.89856000e+01 9.60336181e-01 9.29823222e-01 9.93559388e-01
12.0 13.0 f 1.93237000e+01 9.60543135e-01 9.30737245e-01 9.92857137e-01
12.0 13.0 f 1.96619000e+01 9.60706797e-01 9.31158253e-01 9.94113633e-01
12.0 13.0 f 2.00000000e+01 9.61330450e-01 9.31554351e-01 9.93521547e-01
12.0 13.0 n 5.00000000e-02 4.28244762e-01 2.79984522e-01 6.77396684e-01
12.0 13.0 n 3.88136000e-01 4.15765023e-01 2.44672158e-01 5.88636450e-01
12.0 13.0 n 7.26271000e-01 5.38761065e-01 3.63052251e-01 6.66596953e-01
12.0 13.0 n 1.06441000e+00 6.16084275e-01 4.56042237e-01 7.20632815e-01
12.0 13.0 n 1.40254000e+00 6.64862655e-01 5.26235175e-01 7.54499134e-01
12.0 13.0 n 1.74068000e+00 6.97595130e-01 5.73430863e-01 7.78729992e-01
12.0 13.0 n 2.07881000e+00 7.22676879e-01 6.11494017e-01 7.96646614e-01
12.0 13.0 n 2.41695000e+00 7.43301277e-01 6.39965359e-01 8.14006138e-01
12.0 13.0 n 2.75508000e+00 7.60570033e-01 6.68424618e-01 8.31470946e-01
12.0 13.0 n 3.09322000e+00 7.78548709e-01 6.91339652e-01 8.47852428e-01
12.0 13.0 n 3.43136000e+00 7.93672681e-01 7.10892767e-01 8.61441069e-01
12.0 13.0 n 3.76949000e+00 8.05726879e-01 7.28708479e-01 8.73425226e-01
12.0 13.0 n 4.10763000e+00 8.18180788e-01 7.45481938e-01 8.83650302e-01
12.0 13.0 n 4.44576000e+00 8.30112209e-01 7.59837737e-01 8.94289350e-01
12.0 13.0 n 4.78390000e+00 8.40047167e-01 7.72748404e-01 9.02713382e-01
12.0 13.0 n 5.12203000e+00 8.48260315e-01 7.85569190e-01 9.11119983e-01
12.0 13.0 n 5.46017000e+00 8.57212731e-01 7.95816261e-01 9.19464846e-01
12.0 13.0 n 5.79831000e+00 8.64866056e-01 8.06410812e-01 9.26659828e-01
12.0 13.0 n 6.13644000e+00 8.71735996e-01 8.14454339e-01 9.31293328e-01
12.0 13.0 n 6.47458000e+00 8.78426490e-01 8.23225281e-01 9.36460029e-01
12.0 13.0 n 6.81271000e+00 8.84269517e-01 8.30579425e-01 9.41491655e-01
12.0 13.0 n 7.15085000e+00 8.89297784e-01 8.38959975e-01 9.46650306e-01
12.0 13.0 n 7.48898000e+00 8.94384745e-01 8.44080341e-01 9.49442575e-01
12.0 13.0 n 7.82712000e+00 8.98619295e-01 8.49042115e-01 9.53002384e-01
12.0 13.0 n 8.16525000e+00 9.02977130e-01 8.54267828e-01 9.56927167e-01
12.0 13.0 n 8.50339000e+00 9.06613001e-01 8.58501364e-01 9.59650410e-01
12.0 13.0 n 8.84153000e+00 9.09912864e-01 8.63103297e-01 9.61848312e-01
12.0 13.0 n 9.17966000e+00 9.13782122e-01 8.66911768e-01 9.63599470e-01
12.0 13.0 n 9.51780000e+00 9.16210874e-01 8.70764292e-01 9.64605212e-01
12.0 13.0 n 9.85593000e+00 9.19392777e-01 8.72859825e-01 9.67097160e-01
12.0 13.0 n 1.01941000e+01 9.21651529e-01 8.74498347e-01 9.70120788e-01
12.0 13.0 n 1.05322000e+01 9.23926761e-01 8.77504544e-01 9.71739914e-01
12.0 13.0 n 1.08703000e+01 9.26426188e-01 8.79317821e-01 9.71954032e-01
12.0 13.0 n 1.12085000e+01 9.27954736e-01 8.81126090e-01 9.73920385e-01
12.0 13.0 n 1.15466000e+01 9.30199226e-01 8.81765399e-01 9.75605179e-01
12.0 13.0 n 1.18847000e+01 9.31827924e-01 8.83841663e-01 9.77511569e-01
12.0 13.0 n 1.22229000e+01 9.33820012e-01 8.85368500e-01 9.77482475e-01
12.0 13.0 n 1.25610000e+01 9.34967865e-01 8.86196698e-01 9.77674661e-01
12.0 13.0 n 1.28992000e+01 9.35517863e-01 8.87395133e-01 9.78861242e-01
12.0 13.0 n 1.32373000e+01 9.36688852e-01 8.86994535e-01 9.79400465e-01
12.0 13.0 n 1.35754000e+01 9.38298977e-01 8.88446449e-01 9.79775138e-01
12.0 13.0 n 1.39136000e+01 9.39744109e-01 8.89187683e-01 9.81034614e-01
12.0 13.0 n 1.42517000e+01 9.40350521e-01 8.89977279e-01 9.81074673e-01
12.0 13.0 n 1.45898000e+01 9.41147407e-01 8.89985646e-01 9.81818188e-01
12.0 13.0 n 1.49280000e+01 9.41877484e-01 8.89986470e-01 9.81281374e-01
12.0 13.0 n 1.52661000e+01 9.41854538e-01 8.90226829e-01 9.82245028e-01
12.0 13.0 n 1.56042000e+01 9.41636428e-01 8.90413817e-01 9.81476729e-01
12.0 13.0 n 1.59424000e+01 9.42217865e-01 8.90988853e-01 9.81433944e-01
12.0 13.0 n 1.62805000e+01 9.42886522e-01 8.90698165e-01 9.81640645e-01
12.0 13.0 n 1.66186000e+01 9.43394242e-01 8.90671227e-01 9.81745865e-01
12.0 13.0 n 1.69568000e+01 9.43409074e-01 8.91115751e-01 9.81053376e-01
12.0 13.0 n 1.72949000e+01 9.44264846e-01 8.91287526e-01 9.81788524e-01
12.0 13.0 n 1.76331000e+01 9.44580697e-01 8.91212921e-01 9.81909971e-01
12.0 13.0 n 1.79712000e+01 9.44910366e-01 8.91469063e-01 9.81066433e-01
12.0 13.0 n 1.83093000e+01 9.45670488e-01 8.91999285e-01 9.81704284e-01
12.0 13.0 n 1.86475000e+01 9.45360088e-01 8.93153984e-01 9.81576182e-01
12.0 13.0 n 1.89856000e+01 9.46244003e-01 8.93544567e-01 9.82080542e-01
12.0 13.0 n 1.93237000e+01 9.46219916e-01 8.93944658e-01 9.82025270e-01
12.0 13.0 n 1.96619000e+01 9.45840489e-01 8.94178425e-01 9.81639757e-01
12.0 13.0 n 2.00000000e+01 9.46106329e-01 8.94127336e-01 9.82827607e-01
13.0 14.0 f 5.00000000e-02 9.08189912e-02 2.94462782e-02 4.04976956e-01
13.0 14.0 f 3.88136000e-01 5.61768300e-01 4.03942240e-01 7.20821831e-01
13.0 14.0 f 7.26271000e-01 7.27978782e-01 6.11224184e-01 8.25540193e-01
13.0 14.0 f 1.06441000e+00 7.92763348e-01 7.12408067e-01 8.62863002e-01
13.0 14.0 f 1.40254000e+00 8.29190389e-01 7.65842778e-01 8.84341714e-01
13.0 14.0 f 1.74068000e+00 8.48390446e-01 7.89443012e-01 8.89205557e-01
13.0 14.0 f 2.07881000e+00 8.57844370e-01 8.04513866e-01 8.93889956e-01
13.0 14.0 f 2.41695000e+00 8.66899344e-01 8.23227627e-01 8.99285416e-01
13.0 14.0 f 2.75508000e+00 8.76301039e-01 8.38203783e-01 9.05768449e-01
13.0 14.0 f 3.09322000e+00 8.84479641e-01 8.52452333e-01 9.12474347e-01
13.0 14.0 f 3.43136000e+00 8.91409417e-01 8.61168827e-01 9.21744135e-01
13.0 14.0 f 3.76949000e+00 9.00564414e-01 8.70361919e-01 9.27436684e-01
13.0 14.0 f 4.10763000e+00 9.08218436e-01 8.78315882e-01 9.34337747e-01
13.0 14.0 f 4.44576000e+00 9.11617371e-01 8.80773032e-01 9.38083846e-01
13.0 14.0 f 4.78390000e+00 9.15470212e-01 8.85472833e-01 9.40163026e-01
13.0 14.0 f 5.12203000e+00 9.19169469e-01 8.92403433e-01 9.42976720e-01
13.0 14.0 f 5.46017000e+00 9.24565563e-01 8.96528325e-01 9.45984375e-01
13.0 14.0 f 5.79831000e+00 9.27859024e-01 9.00089084e-01 9.48564112e-01
13.0 14.0 f 6.13644000e+00 9.29161601e-01 9.02727200e-01 9.51800526e-01
13.0 14.0 f 6.47458000e+00 9.30198149e-01 9.05470726e-01 9.52483698e-01
13.0 14.0 f 6.81271000e+00 9.32165897e-01 9.08662580e-01 9.54872010e-01
13.0 14.0 f 7.15085000e+00 9.33062678e-01 9.10715265e-01 9.58609679e-01
13.0 14.0 f 7.48898000e+00 9.34987387e-01 9.11160106e-01 9.58425226e-01
13.0 14.0 f 7.82712000e+00 9.35858435e-01 9.14523355e-01 9.60133156e-01
13.0 14.0 f 8.16525000e+00 9.37306673e-01 9.13971011e-01 9.61249126e-01
13.0 14.0 f 8.50339000e+00 9.38623639e-01 9.15756272e-01 9.59981601e-01
13.0 14.0 f 8.84153000e+00 9.40079610e-01 9.19053599e-01 9.58959188e-01
13.0 14.0 f 9.17966000e+00 9.40655470e-01 9.21382773e-01 9.59576819e-01
13.0 14.0 f 9.51780000e+00 9.43034528e-01 9.22663926e-01 9.59904840e-01
13.0 14.0 f 9.85593000e+00 9.43729933e-01 9.25625690e-01 9.61684840e-01
13.0 14.0 f 1.01941000e+01 9.45173037e-01 9.26531409e-01 9.61413358e-01
13.0 14.0 f 1.05322000e+01 9.46022913e-01 9.27439663e-01 9.62775075e-01
13.0 14.0 f 1.08703000e+01 9.47530163e-01 9.28481028e-01 9.64214249e-01
13.0 14.0 f 1.12085000e+01 9.48617356e-01 9.29675850e-01 9.63848196e-01
13.0 14.0 f 1.15466000e+01 9.48185382e-01 9.29252623e-01 9.64624608e-01
13.0 14.0 f 1.18847000e+01 9.48477781e-01 9.30803736e-01 9.65660395e-01
13.0 14.0 f 1.22229000e+01 9.49658721e-01 9.31300427e-01 9.65992410e-01
13.0 14.0 f 1.25610000e+01 9.49459880e-01 9.32560219e-01 9.66773576e-01
13.0 14.0 f 1.28992000e+01 9.49592356e-01 9.33423090e-01 9.67191288e-01
13.0 14.0 f 1.32373000e+01 9.49842096e-01 9.34181818e-01 9.66882600e-01
13.0 14.0 f 1.35754000e+01 9.50381572e-01 9.33948178e-01 9.66654094e-01
13.0 14.0 f 1.39136000e+01 9.50889166e-01 9.34299842e-01 9.67401412e-01
13.0 14.0 f 1.42517000e+01 9.50943297e-01 9.35591073e-01 9.67709594e-01
13.0 14.0 f 1.45898000e+01 9.51924065e-01 9.35777174e-01 9.67854747e-01
13.0 14.0 f 1.49280000e+01 9.52698512e-01 9.36453120e-01 9.68251605e-01
13.0 14.0 f 1.52661000e+01 9.52869781e-01 9.36878312e-01 9.68545906e-01
13.0 14.0 f 1.56042000e+01 9.53049796e-01 9.37570041e-01 9.69811973e-01
13.0 14.0 f 1.59424000e+01 9.53835590e-01 9.38547639e-01 9.68941116e-01
13.0 14.0 f 1.62805000e+01 9.54057884e-01 9.38295301e-01 9.68455391e-01
13.0 14.0 f 1.66186000e+01 9.54292981e-01 9.38423847e-01 9.68151076e-01
13.0 14.0 f 1.69568000e+01 9.54827957e-01 9.38457885e-01 9.70141959e-01
13.0 14.0 f 1.72949000e+01 9.54666197e-01 9.39012257e-01 9.70297001e-01
13.0 14.0 f 1.76331000e+01 9.54848241e-01 9.39113484e-01 9.69519638e-01
13.0 14.0 f 1.79712000e+01 9.55164092e-01 9.40076631e-01 9.70124591e-01
13.0 14.0 f 1.83093000e+01 9.55869259e-01 9.40291382e-01 9.70828174e-01
13.0 14.0 f 1.86475000e+01 9.55320021e-01 9.40415491e-01 9.70628191e-01
13.0 14.0 f 1.89856000e+01 9.55559366e-01 9.40135896e-01 9.70716678e-01
13.0 14.0 f 1.93237000e+01 9.54696368e-01 9.40493709e-01 9.70664068e-01
13.0 14.0 f 1.96619000e+01 9.54706827e-01 9.41006754e-01 9.70966038e-01
13.0 14.0 f 2.00000000e+01 9.54892674e-01 9.41388463e-01 9.71098767e-01
13.0 14.0 n 5.00000000e-02 4.41833809e-01 2.77737401e-01 6.45525115e-01
13.0 14.0 n 3.88136000e-01 6.10217314e-01 5.47119702e-01 6.78177470e-01
13.0 14.0 n 7.26271000e-01 7.03560682e-01 6.51808356e-01 7.52846033e-01
13.0 14.0 n 1.06441000e+00 7.50234476e-01 7.02040754e-01 7.93929710e-01
13.0 14.0 n 1.40254000e+00 7.73629340e-01 7.29151101e-01 8.13669560e-01
13.0 14.0 n 1.74068000e+00 7.87048424e-01 7.44469287e-01 8.23098003e-01
13.0 14.0 n 2.07881000e+00 7.96095792e-01 7.54631991e-01 8.30273779e-01
13.0 14.0 n 2.41695000e+00 8.03850534e-01 7.65251769e-01 8.38389947e-01
13.0 14.0 n 2.75508000e+00 8.12647908e-01 7.73846563e-01 8.46328444e-01
13.0 14.0 n 3.09322000e+00 8.21161060e-01 7.82007924e-01 8.56537799e-01
13.0 14.0 n 3.43136000e+00 8.29315196e-01 7.91516614e-01 8.65570145e-01
13.0 14.0 n 3.76949000e+00 8.37694668e-01 7.99888416e-01 8.73916783e-01
13.0 14.0 n 4.10763000e+00 8.44285330e-01 8.07864945e-01 8.80334909e-01
13.0 14.0 n 4.44576000e+00 8.49900359e-01 8.13891220e-01 8.84664221e-01
13.0 14.0 n 4.78390000e+00 8.55056981e-01 8.18276311e-01 8.91197519e-01
13.0 14.0 n 5.12203000e+00 8.59276699e-01 8.23214379e-01 8.94863308e-01
13.0 14.0 n 5.46017000e+00 8.65299678e-01 8.29078007e-01 8.99517725e-01
13.0 14.0 n 5.79831000e+00 8.69835690e-01 8.32440241e-01 9.04033898e-01
13.0 14.0 n 6.13644000e+00 8.72867051e-01 8.38102429e-01 9.06153961e-01
13.0 14.0 n 6.47458000e+00 8.74928166e-01 8.43019326e-01 9.07715723e-01
13.0 14.0 n 6.81271000e+00 8.77440271e-01 8.45908957e-01 9.11450920e-01
13.0 14.0 n 7.15085000e+00 8.80113883e-01 8.50024278e-01 9.14490711e-01
13.0 14.0 n 7.48898000e+00 8.82874270e-01 8.51015821e-01 9.15795824e-01
13.0 14.0 n 7.82712000e+00 8.85744504e-01 8.55177921e-01 9.17232907e-01
13.0 14.0 n 8.16525000e+00 8.87960154e-01 8.57299063e-01 9.17757677e-01
13.0 14.0 n 8.50339000e+00 8.88396692e-01 8.61826138e-01 9.18867435e-01
13.0 14.0 n 8.84153000e+00 8.92222847e-01 8.64014531e-01 9.18645332e-01
13.0 14.0 n 9.17966000e+00 8.94974677e-01 8.67086396e-01 9.20298369e-01
13.0 14.0 n 9.51780000e+00 8.96923979e-01 8.68829378e-01 9.22085594e-01
13.0 14.0 n 9.85593000e+00 9.00224349e-01 8.70628519e-01 9.23506893e-01
13.0 14.0 n 1.01941000e+01 9.01702696e-01 8.72647737e-01 9.25310472e-01
13.0 14.0 n 1.05322000e+01 9.02285274e-01 8.76022268e-01 9.26155024e-01
13.0 14.0 n 1.08703000e+01 9.03033226e-01 8.76437572e-01 9.27539052e-01
13.0 14.0 n 1.12085000e+01 9.05360245e-01 8.78591800e-01 9.29076854e-01
13.0 14.0 n 1.15466000e+01 9.05905109e-01 8.80528996e-01 9.31001944e-01
13.0 14.0 n 1.18847000e+01 9.07813781e-01 8.82783692e-01 9.31584586e-01
13.0 14.0 n 1.22229000e+01 9.09853852e-01 8.83489999e-01 9.31988100e-01
13.0 14.0 n 1.25610000e+01 9.10719829e-01 8.83107720e-01 9.31411796e-01
13.0 14.0 n 1.28992000e+01 9.11421509e-01 8.85274562e-01 9.32736432e-01
13.0 14.0 n 1.32373000e+01 9.12206415e-01 8.86643631e-01 9.32512680e-01
13.0 14.0 n 1.35754000e+01 9.12918681e-01 8.87321732e-01 9.33947354e-01
13.0 14.0 n 1.39136000e+01 9.14562908e-01 8.88557945e-01 9.36161102e-01
13.0 14.0 n 1.42517000e+01 9.15316818e-01 8.89012928e-01 9.38187862e-01
13.0 14.0 n 1.45898000e+01 9.16223361e-01 8.88433772e-01 9.38284462e-01
13.0 14.0 n 1.49280000e+01 9.17136750e-01 8.89104204e-01 9.39070825e-01
13.0 14.0 n 1.52661000e+01 9.18314458e-01 8.90336169e-01 9.39882100e-01
13.0 14.0 n 1.56042000e+01 9.19096765e-01 8.91553937e-01 9.40345767e-01
13.0 14.0 n 1.59424000e+01 9.18750552e-01 8.93280755e-01 9.40420879e-01
13.0 14.0 n 1.62805000e+01 9.18865977e-01 8.93883554e-01 9.42262933e-01
13.0 14.0 n 1.66186000e+01 9.20399279e-01 8.93992324e-01 9.42868013e-01
13.0 14.0 n 1.69568000e+01 9.21433735e-01 8.94549231e-01 9.44116269e-01
13.0 14.0 n 1.72949000e+01 9.21346897e-01 8.93927227e-01 9.44213693e-01
13.0 14.0 n 1.76331000e+01 9.21781533e-01 8.95383325e-01 9.46076411e-01
13.0 14.0 n 1.79712000e+01 9.21974479e-01 8.96554884e-01 9.45227232e-01
13.0 14.0 n 1.83093000e+01 9.21567289e-01 8.96174696e-01 9.45179819e-01
13.0 14.0 n 1.86475000e+01 9.21961295e-01 8.96343239e-01 9.46530126e-01
13.0 14.0 n 1.89856000e+01 9.21172269e-01 8.96816540e-01 9.45505178e-01
13.0 14.0 n 1.93237000e+01 9.21699321e-01 8.97282045e-01 9.46735116e-01
13.0 14.0 n 1.96619000e+01 9.22200513e-01 8.98138894e-01 9.47228511e-01
13.0 14.0 n 2.00000000e+01 9.21950012e-01 8.97980430e-01 9.47846712e-01
14.0 15.0 f 5.00000000e-02 1.88154756e-01 1.14772119e-01 6.09658137e-01
14.0 15.0 f 3.88136000e-01 7.88194565e-01 7.17838960e-01 8.34036358e-01
14.0 15.0 f 7.26271000e-01 8.48850120e-01 8.06174573e-01 8.85935295e-01
14.0 15.0 f 1.06441000e+00 8.75628706e-01 8.42699608e-01 9.11617181e-01
14.0 15.0 f 1.40254000e+00 8.85423392e-01 8.54939401e-01 9.20760134e-01
14.0 15.0 f 1.74068000e+00 8.86438832e-01 8.59519656e-01 9.09755731e-01
14.0 15.0 f 2.07881000e+00 8.87914643e-01 8.64076776e-01 9.04287124e-01
14.0 15.0 f 2.41695000e+00 8.92625283e-01 8.71706014e-01 9.07276904e-01
14.0 15.0 f 2.75508000e+00 8.97040546e-01 8.79536946e-01 9.10322463e-01
14.0 15.0 f 3.09322000e+00 9.04609694e-01 8.86813759e-01 9.16501371e-01
14.0 15.0 f 3.43136000e+00 9.08129506e-01 8.90783356e-01 9.22328742e-01
14.0 15.0 f 3.76949000e+00 9.14501043e-01 8.96988950e-01 9.24636428e-01
14.0 15.0 f 4.10763000e+00 9.12663236e-01 9.01816283e-01 9.26946142e-01
14.0 15.0 f 4.44576000e+00 9.17810858e-01 9.06435141e-01 9.29737715e-01
14.0 15.0 f 4.78390000e+00 9.22869803e-01 9.08299823e-01 9.34782398e-01
14.0 15.0 f 5.12203000e+00 9.24900049e-01 9.10702841e-01 9.34497225e-01
14.0 15.0 f 5.46017000e+00 9.27135031e-01 9.12366464e-01 9.37714307e-01
14.0 15.0 f 5.79831000e+00 9.27933185e-01 9.13270218e-01 9.35743897e-01
14.0 15.0 f 6.13644000e+00 9.31016079e-01 9.16094625e-01 9.39939971e-01
14.0 15.0 f 6.47458000e+00 9.34755966e-01 9.18820783e-01 9.43375290e-01
14.0 15.0 f 6.81271000e+00 9.34433903e-01 9.20765205e-01 9.42516603e-01
14.0 15.0 f 7.15085000e+00 9.36204901e-01 9.21055449e-01 9.42747327e-01
14.0 15.0 f 7.48898000e+00 9.37299320e-01 9.24759586e-01 9.45529772e-01
14.0 15.0 f 7.82712000e+00 9.39069431e-01 9.28296893e-01 9.47789918e-01
14.0 15.0 f 8.16525000e+00 9.38916925e-01 9.30461643e-01 9.46851112e-01
14.0 15.0 f 8.50339000e+00 9.40283395e-01 9.31157112e-01 9.48049737e-01
14.0 15.0 f 8.84153000e+00 9.38522729e-01 9.30843986e-01 9.48130680e-01
14.0 15.0 f 9.17966000e+00 9.39506793e-01 9.32301669e-01 9.47381207e-01
14.0 15.0 f 9.51780000e+00 9.40279402e-01 9.33802137e-01 9.47426908e-01
14.0 15.0 f 9.85593000e+00 9.40594493e-01 9.34222448e-01 9.49231881e-01
14.0 15.0 f 1.01941000e+01 9.42896474e-01 9.34513769e-01 9.49419186e-01
14.0 15.0 f 1.05322000e+01 9.45075550e-01 9.35447441e-01 9.49964050e-01
14.0 15.0 f 1.08703000e+01 9.45348552e-01 9.35897417e-01 9.50511133e-01
14.0 15.0 f 1.12085000e+01 9.44609094e-01 9.36846555e-01 9.51456468e-01
14.0 15.0 f 1.15466000e+01 9.44729844e-01 9.36283817e-01 9.51616771e-01
14.0 15.0 f 1.18847000e+01 9.45633471e-01 9.37433317e-01 9.51082302e-01
14.0 15.0 f 1.22229000e+01 9.44897816e-01 9.38049237e-01 9.52128040e-01
14.0 15.0 f 1.25610000e+01 9.44962216e-01 9.37468877e-01 9.53252314e-01
14.0 15.0 f 1.28992000e+01 9.46762942e-01 9.36447795e-01 9.52620421e-01
14.0 15.0 f 1.32373000e+01 9.46964255e-01 9.38723725e-01 9.54015986e-01
14.0 15.0 f 1.35754000e+01 9.48136448e-01 9.37821745e-01 9.55016213e-01
14.0 15.0 f 1.39136000e+01 9.48394999e-01 9.36875966e-01 9.55763531e-01
14.0 15.0 f 1.42517000e+01 9.48282172e-01 9.38673840e-01 9.56520294e-01
14.0 15.0 f 1.45898000e+01 9.49263447e-01 9.39657397e-01 9.57702312e-01
14.0 15.0 f 1.49280000e+01 9.50741667e-01 9.37872517e-01 9.59595581e-01
14.0 15.0 f 1.52661000e+01 9.52017115e-01 9.40422210e-01 9.58906451e-01
14.0 15.0 f 1.56042000e+01 9.51104614e-01 9.42495242e-01 9.58346628e-01
14.0 15.0 f 1.59424000e+01 9.52492509e-01 9.41699180e-01 9.58568732e-01
14.0 15.0 f 1.62805000e+01 9.52322381e-01 9.42722289e-01 9.59481867e-01
14.0 15.0 f 1.66186000e+01 9.52950471e-01 9.43884594e-01 9.58836537e-01
14.0 15.0 f 1.69568000e+01 9.54081843e-01 9.44191445e-01 9.59304514e-01
14.0 15.0 f 1.72949000e+01 9.52673285e-01 9.44830183e-01 9.60377635e-01
14.0 15.0 f 1.76331000e+01 9.53641376e-01 9.46994871e-01 9.59887156e-01
14.0 15.0 f 1.79712000e+01 9.53231777e-01 9.46125535e-01 9.60940817e-01
14.0 15.0 f 1.83093000e+01 9.54434839e-01 9.46484362e-01 9.60115281e-01
14.0 15.0 f 1.86475000e+01 9.53349674e-01 9.46824426e-01 9.60042958e-01
14.0 15.0 f 1.89856000e+01 9.54415316e-01 9.47068081e-01 9.61276572e-01
14.0 15.0 f 1.93237000e+01 9.54419373e-01 9.47447001e-01 9.58935355e-01
14.0 15.0 f 1.96619000e+01 9.54238850e-01 9.47644828e-01 9.59153275e-01
14.0 15.0 f 2.00000000e+01 9.55006261e-01 9.47174886e-01 9.58488866e-01
14.0 15.0 n 5.00000000e-02 3.08030659e-01 1.52595288e-01 4.71365246e-01
14.0 15.0 n 3.88136000e-01 6.84504194e-01 6.25501911e-01 7.42009919e-01
14.0 15.0 n 7.26271000e-01 7.69687505e-01 7.25219536e-01 7.95188361e-01
14.0 15.0 n 1.06441000e+00 7.95241542e-01 7.63235468e-01 8.33114476e-01
14.0 15.0 n 1.40254000e+00 8.08219525e-01 7.88184741e-01 8.57995672e-01
14.0 15.0 n 1.74068000e+00 8.20592046e-01 7.93120083e-01 8.52607628e-01
14.0 15.0 n 2.07881000e+00 8.29992727e-01 7.92593601e-01 8.45008498e-01
14.0 15.0 n 2.41695000e+00 8.35071068e-01 8.07854106e-01 8.51345491e-01
14.0 15.0 n 2.75508000e+00 8.40912256e-01 8.16084811e-01 8.53200539e-01
14.0 15.0 n 3.09322000e+00 8.46903796e-01 8.24327306e-01 8.58127388e-01
14.0 15.0 n 3.43136000e+00 8.51759907e-01 8.30222183e-01 8.63561767e-01
14.0 15.0 n 3.76949000e+00 8.58091955e-01 8.38137735e-01 8.70309245e-01
14.0 15.0 n 4.10763000e+00 8.62533333e-01 8.39924262e-01 8.76602375e-01
14.0 15.0 n 4.44576000e+00 8.61293380e-01 8.47492650e-01 8.78578046e-01
14.0 15.0 n 4.78390000e+00 8.67299879e-01 8.53536737e-01 8.84900142e-01
14.0 15.0 n 5.12203000e+00 8.71507553e-01 8.54509645e-01 8.90128518e-01
14.0 15.0 n 5.46017000e+00 8.74343559e-01 8.57365301e-01 8.92488433e-01
14.0 15.0 n 5.79831000e+00 8.76719258e-01 8.63048722e-01 8.93689340e-01
14.0 15.0 n 6.13644000e+00 8.80464153e-01 8.68774676e-01 8.96238842e-01
14.0 15.0 n 6.47458000e+00 8.81957078e-01 8.68288570e-01 8.99289790e-01
14.0 15.0 n 6.81271000e+00 8.83583557e-01 8.72478243e-01 9.00075266e-01
14.0 15.0 n 7.15085000e+00 8.86259894e-01 8.74156001e-01 8.99521845e-01
14.0 15.0 n 7.48898000e+00 8.88381859e-01 8.77284406e-01 9.02724157e-01
14.0 15.0 n 7.82712000e+00 8.90889781e-01 8.77439511e-01 9.03145292e-01
14.0 15.0 n 8.16525000e+00 8.93685220e-01 8.78837167e-01 9.04453385e-01
14.0 15.0 n 8.50339000e+00 8.96848550e-01 8.80226456e-01 9.05609478e-01
14.0 15.0 n 8.84153000e+00 8.95139606e-01 8.81010601e-01 9.07172571e-01
14.0 15.0 n 9.17966000e+00 8.97425868e-01 8.82934486e-01 9.08056485e-01
14.0 15.0 n 9.51780000e+00 8.98676849e-01 8.86560026e-01 9.11020594e-01
14.0 15.0 n 9.85593000e+00 9.00051370e-01 8.87725563e-01 9.13475018e-01
14.0 15.0 n 1.01941000e+01 9.01203026e-01 8.87494205e-01 9.12254208e-01
14.0 15.0 n 1.05322000e+01 9.02483799e-01 8.89066235e-01 9.15718177e-01
14.0 15.0 n 1.08703000e+01 9.04292131e-01 8.91367456e-01 9.16727025e-01
14.0 15.0 n 1.12085000e+01 9.04698117e-01 8.92284838e-01 9.16116303e-01
14.0 15.0 n 1.15466000e+01 9.07253831e-01 8.90268093e-01 9.15966142e-01
14.0 15.0 n 1.18847000e+01 9.06110796e-01 8.91988129e-01 9.18951105e-01
14.0 15.0 n 1.22229000e+01 9.07677312e-01 8.92317609e-01 9.20809068e-01
14.0 15.0 n 1.25610000e+01 9.09235461e-01 8.92219804e-01 9.23380375e-01
14.0 15.0 n 1.28992000e+01 9.09951847e-01 8.92134107e-01 9.24636618e-01
14.0 15.0 n 1.32373000e+01 9.10918543e-01 8.93702461e-01 9.20326956e-01
14.0 15.0 n 1.35754000e+01 9.11865716e-01 8.93502225e-01 9.22458239e-01
14.0 15.0 n 1.39136000e+01 9.11639556e-01 8.95874121e-01 9.20626074e-01
14.0 15.0 n 1.42517000e+01 9.10639836e-01 8.98057127e-01 9.23224637e-01
14.0 15.0 n 1.45898000e+01 9.13667013e-01 8.99762267e-01 9.25519011e-01
14.0 15.0 n 1.49280000e+01 9.14283820e-01 8.98799374e-01 9.27255908e-01
14.0 15.0 n 1.52661000e+01 9.14751354e-01 8.99034218e-01 9.26461938e-01
14.0 15.0 n 1.56042000e+01 9.14594284e-01 9.00960892e-01 9.27942439e-01
14.0 15.0 n 1.59424000e+01 9.15349208e-01 9.02563855e-01 9.28025094e-01
14.0 15.0 n 1.62805000e+01 9.15895847e-01 9.04280532e-01 9.28581114e-01
14.0 15.0 n 1.66186000e+01 9.16924281e-01 9.05413172e-01 9.27611883e-01
14.0 15.0 n 1.69568000e+01 9.17476752e-01 9.07721428e-01 9.28558232e-01
14.0 15.0 n 1.72949000e+01 9.16484701e-01 9.07494444e-01 9.27180226e-01
14.0 15.0 n 1.76331000e+01 9.17164387e-01 9.08310219e-01 9.27179718e-01
14.0 15.0 n 1.79712000e+01 9.17558963e-01 9.08653706e-01 9.27204692e-01
14.0 15.0 n 1.83093000e+01 9.17783095e-01 9.08908770e-01 9.27902887e-01
14.0 15.0 n 1.86475000e+01 9.19093596e-01 9.09481397e-01 9.28193827e-01
14.0 15.0 n 1.89856000e+01 9.19757118e-01 9.07929333e-01 9.28017108e-01
14.0 15.0 n 1.93237000e+01 9.19519612e-01 9.07261818e-01 9.27692890e-01
14.0 15.0 n 1.96619000e+01 9.19568672e-01 9.06374417e-01 9.28287828e-01
14.0 15.0 n 2.00000000e+01 9.21205610e-01 9.07443101e-01 9.29788994e-01
